4619
7380
4500
3036
7332
7498
9499
6657
2333
10642
6123
2110
1555
6029
8159
982
6810
7256
3018
11874
1704
6725
5690
2457
5797
2579
3753
8136
7124
1468
8000
10169
3700
10888
2424
758
7464
4681
854
4608
3357
10472
9424
3831
7836
395
374
7892
7101
2412
3360
10347
7667
4848
7442
7701
8656
5473
4407
2572
2270
6523
7819
5612
10405
2521
4384
8269
7201
4556
6767
9505
7584
904
7875
11942
426
9435
5981
8699
3953
198
9661
1292
4379
4911
1609
9512
6479
11763
791
40
4911
5039
1187
7887
9583
1501
2566
1286
7221
7281
247
6788
6507
2278
10738
6596
3793
5577
6434
9015
8334
9389
11227
6972
4387
2324
9902
3116
6212
7517
3651
8873
5138
9173
5794
11076
7338
600
7965
7482
4802
5563
9610
5436
2234
3027
8493
4366
11206
6934
9249
10547
11875
1578
8680
1711
7936
1509
4522
9583
6204
8545
830
4310
10325
9599
11948
2034
4599
5438
6145
3461
6768
6329
11610
7319
11810
11725
7351
3968
4437
3725
7880
5200
9946
11985
7222
2388
5416
3064
6809
10671
2030
5941
5284
7729
6319
11433
3973
3994
9696
4773
6
6742
9439
7392
7577
3551
2544
4121
6764
6996
463
7690
4614
8183
3729
3229
889
5906
6814
5934
8873
6690
7314
10629
10092
874
5648
1144
8591
3169
5934
3796
7543
2734
5580
1117
6558
9852
10333
5196
3940
5653
5161
8509
453
10116
5298
8144
7824
1678
2160
575
6227
5355
5555
4900
6466
11088
2712
480
2305
10361
6168
420
2606
6723
6351
5097
11447
8894
8985
6190
1351
9478
6005
5221
4
4132
9682
11552
526
11108
8982
1127
9431
1641
950
4959
4767
7540
3989
3377
1795
5561
2374
580
2664
8850
6254
11811
8126
3667
10543
4659
5250
3079
3774
4642
7362
3987
5949
3067
7125
10066
2745
8579
10725
8640
222
6470
10515
4458
1229
11881
1295
5565
2229
519
3566
6088
11087
1295
5601
1829
610
11509
3174
2863
11243
10782
997
5162
3276
8887
11630
10376
6314
935
1664
7411
9438
5092
3395
11363
7659
3068
8987
2566
8681
8086
1303
1227
8888
4819
7138
3059
8676
1040
4465
8767
6885
5258
7647
8970
25
6583
1201
289
2388
10389
5760
7844
9835
8031
3282
10289
1173
6961
2381
1771
2522
7023
4770
4855
3885
3538
8401
1418
1435
7996
11776
6987
11572
2726
11197
1660
3815
10897
4410
7972
4964
11483
6113
4510
8650
573
7238
8024
2544
7444
6710
2001
11967
8265
3526
4333
5450
10176
10588
2701
7118
11598
7584
11709
270
1282
8569
8524
6598
6527
495
11979
1775
4282
8050
7517
8936
11639
1532
7338
611
2184
8307
3296
5222
8229
10558
7782
8042
9684
564
8795
2809
2592
3704
1839
8746
7895
8609
7003
10732
3931
11630
10739
7743
4544
8764
4367
6391
2313
650
5208
485
5551
3002
5522
2066
10108
39
7057
10161
10912
6007
5029
8777
5296
9797
4738
3255
6811
9974
10791
10055
2110
6182
11033
1431
878
5947
8810
1182
9402
5308
6055
2748
6529
11501
9976
8420
162
4097
3733
292
5276
9535
10537
5792
6634
4883
2944
5252
2982
6015
938
9964
2409
8975
7473
8489
10925
9430
4699
769
3962
11462
1972
9649
1639
1774
11993
1920
11016
8570
2084
5862
427
9848
11608
11457
8186
7857
11911
3083
8480
4670
3965
2481
1303
10551
988
8103
8513
7816
849
1727
4854
10317
3953
10305
6858
6447
8549
4495
7945
7767
5061
1181
8919
1862
6044
3526
9227
6993
4732
10686
7914
3347
4956
4335
10195
11431
8299
10447
9834
10120
4890
10572
3281
3345
4126
4902
532
3180
8867
1939
6174
2235
1275
10398
3872
7851
2514
2233
4772
460
7876
9293
10849
2809
7675
2029
6203
9379
2400
5128
6609
6404
117
7584
10332
8295
982
7892
1299
2062
25
10488
11171
11521
2976
9442
9650
3576
10913
11616
10621
3837
7915
125
11223
64
1663
7922
5963
1659
44
8640
10257
3415
9360
9636
11524
8199
3606
6191
5004
3993
11560
2388
9932
5925
3035
10982
3516
3427
11709
11833
7395
617
5253
96
9768
8252
4351
11296
10412
2303
8216
6811
3058
3220
5821
4010
8346
11390
2906
4382
8617
10072
3068
2477
1283
9273
6925
8366
314
4559
308
2498
7587
3725
10862
4507
3422
7527
10161
4434
585
2368
9617
8249
331
8846
6947
5230
2805
6513
5847
911
1152
9983
6821
7754
5170
669
7696
6578
8127
6026
10407
999
5600
26
10005
748
1756
6950
2608
11697
8411
5200
11147
4798
7592
8911
3270
6879
8962
4534
676
3289
5587
9382
9362
5955
2950
11265
11964
8182
10946
6923
8345
7822
2792
5841
973
9000
10382
1371
5416
1588
10500
4694
11379
6983
4726
1265
10277
8427
7481
11754
9160
10289
3777
286
4114
9127
685
8017
8883
2274
2341
7516
6462
10877
11519
5454
814
5927
5378
3318
4612
5841
4939
2556
7046
10457
5157
7630
3251
9054
11169
5817
9808
9143
8375
6457
10989
6201
11437
8448
2133
4432
10133
1383
11456
4821
2174
626
6060
7382
6703
5883
5641
1482
7086
4569
2518
1456
10011
7226
11142
4475
1520
10729
8107
11748
5750
11789
2988
2569
4557
6410
8896
3660
4048
6554
11734
1381
9238
3106
4459
10104
10615
8610
9464
11911
361
7847
10285
1243
1289
5418
9405
10765
258
6863
1753
9859
9906
11694
3809
2657
1981
8850
1836
8343
10401
3638
3770
6685
314
6144
1709
8414
9091
10377
3665
6970
10041
3103
6432
5563
10034
9350
7872
7179
11882
11973
8877
5291
11396
7492
8454
7497
9525
3561
10083
11193
1752
8969
9465
1576
177
7003
3185
1921
243
5291
4564
10026
49
3908
9125
11084
7494
6578
9598
1982
5200
9205
3279
7119
1244
3795
2830
3304
11172
1956
7209
5201
5584
6737
491
8943
1814
8466
10670
6216
1736
5566
6311
4037
752
6954
4090
8853
3296
6711
8716
5270
5886
10112
8659
7874
9863
8895
10360
1050
2367
822
6212
2583
11961
4127
5658
8045
465
11355
10084
6570
7207
7418
4998
8631
11753
3313
5093
4744
2613
2045
3297
4793
12
660
3842
10746
4967
2149
9583
7036
2316
7085
1497
8733
4201
5457
5264
7832
6672
10037
10220
10639
5682
7942
1767
4176
3678
4704
9420
6906
2328
3203
11207
4783
8597
10247
11017
11779
8499
366
10765
8468
9271
5568
9854
11166
4548
1312
8450
3270
2314
2938
466
8157
3994
1009
8907
2860
6978
748
4359
4211
2206
5767
4952
7775
9143
3705
6958
9074
538
7198
3498
10033
6826
1757
6435
7473
2830
8684
1557
6671
7656
6057
7546
5643
4203
146
10968
2761
11716
3236
678
7707
7061
7920
5546
11433
4187
4323
5265
2986
6227
1519
3314
1467
9211
7563
7745
269
8138
6102
7483
10008
7390
9471
11239
4089
8012
4424
859
4922
2360
9386
9109
11063
7923
7077
11359
8372
8838
3849
9584
11328
5683
818
5282
137
1582
6077
1612
7143
7483
3779
4034
10244
11678
8853
7116
3672
183
3346
6963
9424
7581
4107
7823
2019
2206
11528
1974
985
5322
7508
5845
3560
2921
7586
617
612
3319
3341
175
1602
11475
8740
1285
1658
195
3982
273
11442
6962
8733
3231
2463
9038
1260
8919
842
4878
7068
5045
7267
8524
10011
5489
5998
1767
6695
8288
11235
2315
11103
11858
1027
6981
4960
1931
7166
1172
253
2056
4028
1485
5610
2296
6425
9180
3922
7894
5764
2627
10640
10148
9637
2530
10567
7699
6010
8780
1793
1617
9696
268
8580
4354
1618
8801
8508
644
4645
5439
1194
5792
1336
4211
2095
7578
954
6031
3644
8132
1439
7028
6968
5638
2762
174
6894
631
3214
3166
6691
5894
9616
979
3223
2608
344
6330
5673
10429
261
3467
3968
1521
11247
6328
10285
4381
3034
6989
6714
381
6390
2715
8195
6510
8387
9578
4233
1644
3677
5700
3741
6971
10109
1640
10475
9791
7896
9230
2110
7979
8791
1413
9895
5731
1313
4174
6137
2011
6058
9614
3420
5234
3458
6544
8518
1244
9149
3693
3359
4531
5117
6643
1231
6877
8365
11128
534
3285
4626
94
2969
2029
942
4161
1955
10078
5468
661
364
6871
5902
9424
311
10608
5252
9766
1826
9671
5412
846
3590
1748
9101
4656
9770
10421
3218
11300
4116
5664
7511
10122
8038
8717
9687
1367
9310
5125
5713
9683
4317
10573
6004
10689
7460
8225
2597
7188
2340
11821
3084
4283
8802
9648
241
724
9671
2791
1726
5285
5213
2671
8089
5775
9877
5931
11578
4499
6804
7070
8822
3542
10872
5039
1435
4219
4721
9097
11985
5351
8244
11782
4444
4708
440
705
400
7071
5343
2170
4741
8777
4859
8203
9416
6459
6953
10672
3075
2883
9483
3476
6041
7362
2314
610
1971
8165
6997
1998
6022
9688
4322
8553
1966
9827
9529
6754
5884
11075
10674
7335
7485
8326
3890
285
6011
1180
7781
3403
7873
6746
2103
10002
7789
4509
9231
11150
10172
3801
496
10953
2878
2697
3602
5904
11144
4894
11684
9211
11645
2191
1417
8262
3121
6634
706
4058
2808
220
2055
11413
3219
9253
3645
10132
9353
1005
4392
6150
2452
6329
2000
11712
2739
9111
7984
1227
10311
253
5126
309
2480
1869
2583
11735
1334
10848
4030
9754
1106
5803
6794
3161
5243
11560
2822
5908
7589
8955
3641
9837
9159
6663
1117
7233
11253
8059
7881
1394
3472
9880
7692
11334
7232
466
10821
9948
1899
11848
675
1677
11515
9758
7465
1643
1277
2847
4594
11659
8623
8952
1779
11277
5638
224
1552
10165
5976
4241
8856
5611
2121
8924
8843
11840
11983
5171
3804
113
7259
2546
10301
2189
9903
6195
10134
8742
5185
3370
7681
2730
2547
11507
7453
9478
10321
6739
5362
4324
1832
6092
1257
3272
10072
2252
8682
3895
8259
6919
623
7067
2095
11178
11179
10683
4354
7168
591
4578
7682
2497
9069
11218
1121
1457
9042
1501
5786
9023
222
5176
11550
6953
4856
10819
11272
11997
11960
11305
8229
10308
5170
870
7907
5592
951
5566
9111
1344
2497
9876
1660
7754
11529
8693
6471
5394
3542
9566
6842
2782
9685
3316
9122
5233
8482
3594
8637
8088
1092
11843
2902
6521
519
9421
8578
4546
397
9242
9524
11671
6512
7312
10514
867
10122
7938
6789
6072
4459
3145
11599
1401
2442
6952
4246
3585
8661
6696
5871
9808
8167
4481
7326
9242
6323
6053
10961
0
188
90
2004
45
10435
9869
11462
4806
5715
11676
11029
3830
4688
4087
3538
7739
8588
3378
11781
11070
3252
8835
4291
10327
9959
7623
789
9572
7194
4147
440
2410
6655
7446
969
2982
2344
198
5873
9828
9495
297
2612
9014
2403
2707
4597
916
10879
7466
191
320
83
11189
2650
246
5939
331
2017
5949
4089
10733
7518
5015
6547
5581
793
6281
6728
4970
8592
10518
2471
6593
4120
1385
5944
8899
11231
10119
6998
5134
11001
11719
4589
7258
11963
6147
3289
10560
3375
1067
8704
7096
9378
11138
6794
2684
757
2691
1624
4228
4259
9833
5998
1488
998
547
5704
10241
5496
11379
2813
7835
5234
8554
10447
1721
1327
126
4910
2383
4062
1793
4851
4381
2465
4474
5269
842
8999
4588
6760
11749
2640
2148
11278
10765
253
7358
9015
5098
5122
7376
8643
2034
874
11198
5213
8291
2755
4344
435
6227
10315
10083
8852
6202
6059
6384
549
7019
1457
11633
6680
2395
943
7295
7878
6800
8151
8352
6034
2731
8582
2228
2513
9690
9310
6270
2959
2569
2988
6565
8246
101
2606
4900
921
10243
8849
4190
4678
11036
3828
5443
8894
10473
9153
11606
3243
7292
10919
7155
10633
2400
3172
3282
4424
7735
10779
2806
7914
9903
6328
10700
473
9825
1842
11139
3557
864
2504
2464
10925
2556
8509
7263
9005
3082
6344
7957
9201
8992
6443
10905
8279
11471
82
1910
9609
6555
4825
7424
5091
4237
4459
6352
11023
8264
6564
3533
6923
4711
6255
5325
551
3061
2549
6628
6849
8479
8014
2814
7480
8434
2967
7664
2928
6515
473
5301
8793
11471
3742
2494
1934
1975
9270
1359
6574
9554
5143
5583
5237
5316
10460
1729
568
4830
10602
1035
1634
7426
4402
2272
2218
1665
8794
6847
6910
5427
545
11252
11465
11219
5028
11307
946
2830
4681
9335
601
10337
2986
11468
160
4706
7183
1763
499
8926
8868
2610
2072
7552
9815
1098
3477
10981
980
10629
9812
10520
11622
9963
125
5430
2826
10240
11336
5682
9469
4210
2379
5988
4728
6964
7179
4005
11770
3940
4144
6170
10050
11777
3521
700
6953
10777
1751
6645
5043
367
10367
2630
11214
829
7560
11113
2384
11928
3641
3431
11088
9782
5000
9850
11439
5366
4995
11044
3418
1488
337
9125
7300
5918
4115
7295
2232
6549
5479
11632
9650
10024
3342
10232
5098
238
5095
130
1495
7426
11380
4859
10496
249
379
3457
8813
2403
7912
2962
756
3646
8713
3075
5166
3057
11910
3686
109
9461
9558
5346
4326
10573
5423
1534
8396
4354
9862
7684
10952
7384
7675
11477
9979
7765
9272
9772
6377
6156
9221
11817
8412
11957
8462
8010
5547
8513
7008
8511
4404
3402
2853
10365
8149
1429
104
7591
5639
2919
3054
3792
5994
2210
899
9385
3974
4968
6284
1412
7687
9975
11588
9184
2590
11556
2099
11598
8637
573
2709
4047
10628
11152
2712
2156
5449
8862
5570
8403
9850
8040
7196
7771
756
9242
1309
127
8894
6534
3879
3883
7523
4399
438
9766
3648
1471
10223
1172
4874
3164
1636
4570
1301
5418
8473
1818
4510
3410
1586
2026
4611
1986
10400
1716
5722
2908
2678
10551
11954
5716
7399
9808
4093
4074
4351
10000
7669
3913
9275
10709
5896
5515
2875
7706
4286
2882
5979
3805
3264
303
3384
4678
9147
7980
1628
2979
167
3905
2941
9651
6989
9888
9068
4154
2232
5671
2433
1656
5030
4563
4304
2809
6481
4828
113
8791
10104
5247
11090
2660
5998
6882
6550
5838
2389
7989
8957
7655
3611
3359
3821
8438
9289
7087
9005
4471
7601
8800
2719
452
1988
3873
8728
5677
9503
3945
6775
6220
261
3269
8190
10744
7044
9010
6909
10358
6057
7521
8836
9056
6269
9995
1477
6787
1411
7555
3241
8116
11883
3934
3546
5651
9244
11357
3093
1104
5878
17
158
9812
2578
7813
11705
6967
1486
8496
11411
11566
2729
7417
6349
7193
10496
4307
4131
3293
2013
4284
10725
2483
4983
11325
5951
10672
9522
6879
4840
7447
5515
173
570
4154
5504
11886
10613
8517
10857
3512
4022
3371
918
2642
10482
9261
3240
3722
4711
8131
5674
8561
7339
2239
2234
2916
5050
4690
140
953
9061
9604
11263
4183
9469
10968
7451
3684
11951
1595
3833
8008
10608
7370
7144
8080
374
9115
3491
10775
4484
10905
9715
4504
6906
5550
2587
7270
8428
1249
2591
2032
4263
5
7863
2130
10591
10457
9110
6638
3333
7139
11941
2134
10820
6952
1010
3326
2591
5751
4727
264
3695
11506
8030
2612
1208
1310
9816
1477
9525
9861
3109
10801
3131
10586
1895
11081
10096
9666
8781
2450
2459
5560
8251
5655
8983
4402
9277
478
3380
787
4367
5436
7204
5971
11907
304
10991
3377
8713
10083
24
10613
4246
5470
4290
3767
4728
6746
7703
5836
694
1141
1627
8469
5080
10370
11984
9013
2934
6933
7930
10946
218
3138
9120
11334
1849
5465
7981
3799
4293
2995
9236
3774
7450
2070
5061
6439
6470
2154
6822
757
338
6094
11243
1409
10689
11531
10154
4183
1278
3178
6638
11530
1924
5996
4438
9484
2407
2983
7894
1046
3989
411
2486
2401
10634
9743
5231
6941
914
9320
3695
6131
776
6092
10335
9586
980
6256
9160
1525
10985
7582
4370
2907
9419
1577
3682
2018
3994
8301
10448
7243
2849
730
10503
3941
8753
1033
1810
11040
1493
3905
3532
3916
3978
6369
8065
10596
2202
6958
4888
1975
4182
190
4721
7990
6368
2560
2531
8100
7716
3951
2374
10392
7744
7477
9803
840
9379
5185
10794
4911
223
897
3645
5692
7142
2646
237
6160
8642
9749
9333
7890
7526
5517
9276
713
4627
3903
2467
5312
1190
11105
11432
11614
4555
11211
10078
6148
3270
432
7923
5120
1657
1269
3590
7011
4015
6176
815
854
11331
1868
7481
2159
2275
10341
7875
5519
7684
3012
10403
5513
9380
8109
7415
5371
383
10452
583
10120
9954
1292
4450
3605
11832
1649
6299
4752
1225
11790
4430
7836
5737
8098
1201
2310
7365
4491
7871
7833
1110
10908
5321
1695
4406
8037
10168
10700
8744
11597
7523
11828
6292
4859
5897
11653
6216
6991
10217
5481
1598
4934
11891
9579
2471
8175
8129
9610
9480
648
6395
11549
6011
6391
3916
1835
10381
7222
8595
9443
1765
7833
10435
5762
2059
96
9818
10879
8665
10240
4441
801
2485
7720
10700
5600
4982
1219
3552
9174
4129
9134
1615
3503
3475
1218
9225
5753
7225
8809
2672
7476
9391
9064
5580
7439
10520
4130
6561
3214
5361
11002
2858
5713
9086
7959
6562
3193
2255
1144
9303
9069
3722
3700
7002
4963
6021
261
10264
8966
5499
1293
462
2943
5575
2817
329
10004
9996
5541
7031
3881
5772
1207
9277
3966
2775
11214
9897
11158
514
11078
5637
10422
639
10330
8584
6101
49
680
8668
9545
4221
61
6122
5481
1485
2174
10549
3839
4445
6659
1450
1372
10593
1788
9569
4415
8422
11835
1352
529
9920
777
2126
4520
5311
7023
9216
11477
11290
6091
329
5970
11696
7940
10915
10457
9700
677
987
11169
3036
8854
5119
4435
6700
6336
2801
4379
8721
3006
8314
310
10268
7052
3544
8925
3286
6594
3836
4519
5250
7731
8029
9985
9336
2733
11226
191
11407
2255
8663
3661
2721
831
11181
8050
1098
11776
11379
3990
5510
1791
4416
4201
3688
9178
2748
10568
11311
10463
5731
11006
6671
4628
9076
2452
2486
11770
5570
8196
10603
6135
5248
3039
9809
9924
6379
10412
9872
4031
10175
11558
97
5168
4056
328
10347
11316
575
7862
4402
1447
3795
9543
5965
2771
9944
211
2251
9442
6605
6397
7295
6767
2461
4684
4539
383
1823
8909
2128
6695
2673
3913
587
9081
3906
3979
7140
7933
4720
7806
1919
11558
6792
1047
675
5272
3909
5931
10314
9752
8142
11372
9699
8737
4446
239
4662
2676
6750
11105
2956
696
4102
9777
8201
6475
11423
9327
1400
213
7625
2089
641
787
6620
9224
3921
5542
3686
8968
6764
5854
3160
1576
1435
8686
11167
3215
3
5775
5281
718
7367
2965
3570
4103
6602
348
4357
4165
11589
3485
3367
6198
6840
2910
4567
50
7845
7451
5062
1217
922
8597
4815
5573
7732
4229
785
5599
10048
8449
8190
2604
5248
4105
1204
9446
2223
7787
1272
11638
2998
9632
7546
5521
11353
10269
4581
8255
10066
501
1537
7975
1162
4066
10455
1269
8623
5873
11058
9458
506
1562
11662
6734
9312
5061
286
8303
7587
7011
3052
2969
6454
510
8167
451
3658
5569
9525
2795
7125
9995
1962
1785
11738
10129
4623
10139
11146
3934
7715
1540
6893
1362
7052
3174
2041
8781
2392
2482
3631
7419
9411
5192
7
374
3532
6500
950
8675
8440
7345
2937
6197
3168
11304
8603
3974
1083
2457
4543
10455
7848
2889
9102
1776
5654
8071
5644
2893
5522
3449
1033
2629
2405
7883
9642
11288
7123
9391
8214
6398
2808
7765
8240
8513
1612
5147
2238
8660
3819
9533
2460
8123
2302
1442
974
1700
6456
8627
11001
5366
5245
1687
8536
10523
4953
4887
8965
11542
7491
7175
5296
5293
11815
6593
7041
644
8008
6753
7479
2650
7052
10933
4147
10192
1056
7639
2882
11296
2903
7081
5610
5182
10830
11051
4268
8286
10333
3054
1914
5078
3141
7332
8982
3451
8609
8520
10070
4767
4963
8233
4331
365
10253
4720
6651
3393
9613
5024
5294
1281
4664
7694
4542
2000
4384
8121
6073
2454
10708
9966
451
1901
4420
2876
6068
1291
3564
8868
3226
2695
3619
7226
9804
3719
149
8677
8024
1860
8384
11858
11355
11224
2385
6723
388
831
10992
6562
829
5957
4627
664
5267
1500
2402
11461
9441
3353
10543
9076
7027
4049
7287
10760
8726
4663
7745
4541
1517
8042
7079
1714
10455
8835
7459
9407
206
9697
3846
2476
8776
6155
7547
7389
1471
3264
777
9488
9142
11092
4157
11177
7060
9422
2079
6101
7578
2732
322
5233
8780
621
6090
7096
2811
4260
10781
1943
5472
4305
4393
6759
6837
7890
5334
8301
5304
7902
2737
1205
10453
6669
28
3278
7427
550
10554
6612
7311
1582
4463
5088
8060
9439
8880
10030
3034
11377
4515
10472
7030
3713
5461
8455
10946
7523
6784
11215
5823
9861
861
6824
2960
11748
6052
8044
3199
5482
4347
4609
3171
8541
4053
5084
9406
1400
1366
3680
10708
80
6853
7049
7038
5001
5401
1113
5371
5979
3128
8332
5612
4740
6005
5612
4635
5281
656
2174
3864
10743
11810
11213
11529
1141
9298
5077
859
9406
6313
8949
7960
7584
5776
10638
7924
4931
9224
142
7037
788
2547
5969
4475
11715
7184
2007
908
313
10067
6885
11773
8504
645
3209
3693
4674
8733
11027
5661
259
8712
10084
8039
706
1818
11080
4327
625
8735
3167
849
5134
7685
9286
10137
2949
6464
10720
6739
3764
8566
1391
3590
10751
3546
4900
10749
4723
8234
9229
10446
9591
4172
1284
10887
5168
5828
4081
2050
5228
1673
1383
10022
9891
8155
10021
3942
4018
8846
8838
11694
3227
1757
7383
10748
6453
6830
4962
3368
6712
1034
3544
4443
3772
2307
305
9712
9884
3727
5187
4013
6572
1844
5911
1396
8666
58
1219
5556
5322
3151
10935
18
4760
4824
8511
10886
5727
10078
8301
2645
2448
728
7634
9677
8839
9121
5063
567
6253
8276
6772
11194
852
4262
5154
9772
1849
8491
6962
8661
8508
5912
3172
9715
1678
11793
4861
2310
3011
4768
6906
1913
11663
5292
4184
6164
2401
392
1242
6921
6457
5833
10008
2584
5290
1282
9153
1223
3651
5056
7099
3657
3884
252
407
2612
6351
3793
10442
9437
3227
3917
1707
11573
6555
85
3139
4112
571
6066
8899
11232
4748
2117
11855
2136
1800
1738
940
3429
4145
8378
8977
3361
10840
9783
10297
1442
988
8326
5659
7241
2952
2712
3430
10911
7334
11873
6931
11124
3872
5637
67
9523
1744
10972
7037
4712
3664
5081
10899
10998
6315
7612
2171
11709
1262
7480
404
1915
11440
5515
798
4708
10585
2151
452
10934
765
9829
2713
2389
6160
6536
11366
8959
7723
10121
5023
1034
5191
2513
2113
1785
6090
8956
218
7447
5960
7577
304
7790
3983
5376
6507
11284
9514
11677
1654
183
5710
1553
5585
1889
6545
5520
7601
4414
912
7935
2007
5633
6391
5128
10727
4226
11400
1163
1341
2839
8071
4448
2687
8952
1119
8077
7273
6321
8286
6814
10283
1565
9670
81
8828
10595
301
1053
373
6054
8784
5194
3890
3795
4639
3043
1299
11654
4203
8054
185
9363
7488
10499
11467
10488
8366
3197
9905
7530
9774
9809
798
170
4328
5894
9133
9665
8795
8702
1687
9903
349
7845
4259
9517
1347
11540
1159
7623
1544
24
2545
6409
4275
1047
8885
4756
4048
7992
11013
10427
7346
5263
6735
6104
95
3934
10830
2645
4391
7511
4547
7422
9448
6766
1368
6448
11631
198
9761
6241
11587
564
7096
8980
9084
6216
9614
6464
4096
654
3489
2785
8029
2769
7558
303
7651
11615
9123
669
6383
9401
2572
10085
9044
8528
6119
11845
4972
5035
7040
11486
4660
3764
2125
6388
8574
1817
9868
6742
9831
574
9992
6081
10682
6552
10512
3366
10485
9828
316
10658
11902
11546
595
4945
4517
9158
5042
11520
4898
3641
768
3532
7301
2824
1263
11960
5828
7237
11503
2214
6764
7602
11418
11948
11162
100
3484
3376
442
8966
7046
2513
1835
11768
4273
9218
9958
6895
10276
5786
11639
9316
4909
74
7300
9576
10209
7729
3772
6325
1125
3079
2385
4310
10390
5620
10491
5809
6854
6723
4268
9923
10511
11327
9752
2915
689
7852
3455
5959
4545
10413
11799
203
8975
654
5739
4982
8468
138
3593
3282
4197
8177
6962
9256
1734
4385
2024
3609
8353
7928
5145
4112
5702
2569
1812
6259
1958
2100
5399
11309
9149
569
3027
7434
10378
5982
39
658
6077
6740
6156
9541
10140
7070
5324
1238
5964
3034
9621
8611
8918
10471
11241
476
11637
4297
11690
11872
7836
1100
3763
2403
10932
1778
9684
2255
1792
4260
6002
7378
7337
9895
4422
9661
8442
9112
3664
2566
9755
6307
8808
7736
11545
2610
7249
7498
581
2349
2488
6017
7320
4442
2403
5966
271
3862
5505
2173
9504
8512
10850
6587
1544
9468
2867
2207
3762
3524
7326
9318
5428
4344
6950
7357
1148
8212
4935
6216
10293
6544
7660
1536
7256
11747
349
3742
54
9892
7277
86
2767
898
1272
8916
4717
6530
3900
7646
10038
6472
1598
8601
9432
11138
6419
11933
11415
8568
675
10230
7238
11881
10925
11238
3948
11239
10100
11267
1660
4139
3497
4422
10164
51
6470
7690
8331
2061
9280
7221
11586
3132
7511
10813
11821
9977
6758
5644
2657
11227
8001
8718
4831
10740
9184
277
5756
7322
6911
3619
11939
7025
6049
10276
10954
11391
192
7442
3047
10642
532
4849
11214
777
8623
908
736
9899
9854
9034
6673
1811
9144
8445
4662
8080
6445
9551
10708
3152
1094
192
7192
1065
8864
9546
9434
4449
9786
7424
5442
5157
6372
8003
9321
841
818
656
1887
9138
4102
6641
10596
6849
5574
6777
727
3637
10734
6080
11103
10210
5305
8449
10157
3826
9593
4070
4290
1202
234
116
3738
8495
5116
11597
10006
9996
9099
1904
1031
9575
11577
9639
11755
3590
11551
3692
10660
1127
10013
395
1114
879
4840
6683
1980
11866
10274
9766
8958
11387
1203
8746
2536
8247
10106
8876
6171
6229
11378
10836
1451
10188
6195
1467
3528
840
2656
4788
1958
8441
11103
10928
11401
8018
2925
1786
5205
7690
8998
3759
2972
6826
9082
7790
10544
6404
2119
5301
3630
3912
9269
11238
443
3497
2890
6478
198
2773
11346
3302
1221
4844
9600
7390
2705
11532
9014
6005
1746
5699
6580
6532
6328
6757
25
2493
7306
58
8797
11439
209
1881
5886
2759
4790
11019
5775
5564
4810
11767
9487
1114
2375
7180
10790
1170
2466
7953
6075
4706
9876
5137
4225
11048
830
10149
5999
3378
8938
1101
7052
2841
3857
6505
10630
6173
1244
1710
7314
10797
4020
10218
9903
8766
9905
7065
5569
6712
4419
11009
4891
11134
8199
6040
4196
10899
10456
3035
1821
3755
4852
10925
8494
2942
5749
9765
10984
11638
2010
5425
2485
11069
1961
5372
2919
466
1083
7088
9363
5905
3203
7199
5345
4176
6635
4186
1483
7433
4703
4830
11208
8237
5489
10117
3844
933
4391
6323
7306
1959
9220
1355
5957
4723
9089
5146
3899
4109
11204
12
8043
11472
7968
10371
8719
1124
403
1045
2469
7900
8951
9659
11810
4248
9054
11165
6352
4661
8725
1603
2625
2854
6420
1485
246
11195
10042
8954
7797
2277
5810
10974
2844
1349
10976
11290
8984
1433
10997
4729
10601
2579
1812
2677
11263
8538
7236
6150
2217
506
8237
10859
7431
4209
1046
5038
6895
1645
6497
1525
6689
4264
7926
10677
10284
83
7211
2217
11095
5487
10165
9936
3055
4923
7492
3399
6226
8691
5949
1452
5
274
6061
1251
11463
4343
9910
3929
4632
601
3026
9738
10327
1075
285
11599
5079
7212
4984
4484
4280
357
2895
4906
6406
10691
11139
4019
4427
3641
1058
7446
11066
7080
7084
4923
6512
9271
11670
3208
6544
10590
7945
6435
9675
7448
10567
11186
10066
648
3535
3062
10340
8565
5394
5367
7295
8086
9204
6737
1703
11181
5110
7198
8948
8235
9052
7071
209
10962
10322
8518
8243
11773
1178
9254
3454
10860
7616
10052
9114
3075
9643
4142
2931
7845
2065
7484
10097
2891
2796
4082
10047
6474
5061
170
11823
7135
8675
5021
8818
4604
5673
4533
11035
589
1106
2447
3688
7539
4685
9180
7049
7324
9225
11705
9871
9905
1490
3806
1588
10609
6035
10238
4644
7568
7012
917
11900
10146
10733
10305
5025
8868
2826
8418
84
7389
2428
5710
8241
5477
9658
10122
8568
765
1949
7097
2420
10188
11413
2223
2618
3594
9408
11365
5924
7904
11938
4785
3843
4492
4182
5729
739
5160
658
6271
9589
9067
1009
2000
362
6445
2279
6192
157
4696
2837
3607
3581
634
4712
11908
2770
5193
6126
2927
8597
7829
6415
4612
4191
11140
1259
1453
883
11894
7301
575
10940
703
9744
366
11234
2996
10391
675
7013
8727
10867
8036
7391
9446
8391
8265
6038
6881
9480
6013
9697
1110
4356
10424
1774
8687
7586
10065
8180
5746
10621
648
7894
10202
5407
5772
5507
2487
9158
4019
8953
4164
4581
9272
9212
11840
3551
8886
7485
8394
1191
2664
3628
444
7735
138
7133
4247
7278
648
6952
1921
11700
4092
2744
7920
10510
3914
9848
6081
3300
10034
3343
8402
692
5867
3024
11821
8376
8493
8920
873
2776
6196
4207
5968
6325
5262
8935
11341
11047
11866
9915
5410
1316
5237
1479
11312
10157
9057
4481
2767
4321
11095
11009
8306
7688
610
5724
6935
8111
890
1559
995
5891
2520
9703
772
4420
7590
5392
6776
11305
4026
11966
1256
11429
6598
9962
561
3899
6847
9733
2367
10743
4341
1154
2600
6435
10102
410
4034
8043
3916
11700
4111
1696
2476
6882
9413
2574
6901
2682
10542
276
2164
6980
7813
1648
9322
9088
5223
593
8142
7573
11550
3330
870
11286
11256
5789
5326
2682
2040
5480
3386
5381
384
1205
1149
2053
3423
6325
7664
4364
686
3097
2108
7602
1005
726
6632
4960
1852
4251
9835
10157
837
3328
1944
6118
3877
5192
11228
9928
1701
736
8046
59
5926
10647
194
7107
1823
1928
8733
3797
11214
5923
11561
8038
9599
11033
4282
10054
6649
2901
6678
11371
6628
1685
2184
3506
11085
8289
5283
1621
6358
11108
11521
11273
930
9812
9165
4560
6634
7087
8045
3555
4962
7032
10170
9853
9450
33
8008
3383
3089
8443
6105
1373
8195
11292
7771
11354
10908
3521
11079
2613
1703
3853
5263
2305
2815
5417
1832
11598
1389
4681
10324
1851
1496
10936
8602
2757
776
2777
1966
1675
4563
3496
10058
8140
11708
2200
9642
3533
10167
7743
2882
5425
10546
176
6504
4864
10355
3457
7516
3120
646
11500
1773
5950
3990
1477
2618
8405
4418
11370
2197
1531
14
11268
11809
10004
5239
7868
7694
6806
8863
4817
5219
3540
6568
2208
5200
2737
10819
8558
1399
5780
6497
5970
11784
587
1116
1945
2149
7184
1092
11458
5064
8596
10574
393
7789
7198
778
6376
1983
10739
3561
7228
3441
3700
11092
6981
9983
10471
2108
2336
1862
3030
4079
2889
9624
3389
7933
6172
3368
11
5665
9709
10704
9729
5196
8807
405
402
7243
8669
10920
621
5781
685
1308
5194
837
11416
1110
11030
5892
8751
2798
11162
8093
11154
8144
3289
1766
8640
11764
1122
403
4290
1481
8170
11299
6586
3872
8286
6488
5778
8469
5384
3382
11725
9560
6153
10690
8299
6414
4468
11746
6463
4946
2353
4304
6489
2477
9946
5103
1593
8217
9867
3245
6352
7432
1705
398
1810
5030
4045
4323
3056
8352
4519
8949
10319
1486
844
11452
9264
249
11601
8285
186
2206
10708
2064
3183
7732
10161
3474
11136
2071
9503
7054
4506
6717
11843
4745
5419
11173
10951
518
9409
7244
5993
3179
7482
3506
3963
6614
10770
9442
8666
5303
11049
6971
1299
5818
8814
3699
11299
10342
4340
3214
4984
5887
4307
9069
7970
8960
11065
4871
8891
9820
5519
2973
7169
1270
11873
8740
5924
114
11086
6243
8994
10911
9941
6446
6216
1615
5980
2545
3700
2984
3354
9144
3761
250
10731
10241
2528
675
1966
9798
11913
1959
11084
3720
6725
2307
1402
1582
3157
3097
6268
8272
3680
11668
9876
5974
11601
6624
9035
11515
10107
5388
10504
7047
11568
5369
1658
9456
5181
167
8771
3547
4765
668
11044
4218
7568
1645
5838
9282
7400
7677
1139
1469
1246
3726
5345
3363
3693
1640
3811
10627
6073
6129
8399
2872
7216
2438
353
5860
3979
8993
2402
1467
2444
5687
4810
948
10755
6303
410
505
9987
11700
11277
10045
10315
2959
10672
2204
5880
10601
10358
5378
11387
11261
11042
5404
4389
893
6945
9965
9529
9628
5922
11479
4733
1776
10497
10347
409
5343
6418
2925
9149
10506
7980
1426
1270
10105
5368
4201
10728
3096
4662
10440
4489
4202
9928
1339
8436
7671
4906
10103
6162
4106
5380
3897
1745
6734
152
5994
3641
3263
2831
7780
4300
3689
10265
10213
2932
2898
2486
4492
11035
3880
11392
356
7887
4625
7156
5359
161
11464
6535
1872
2103
7650
7674
4265
6471
2398
5991
2822
9463
8379
8902
9460
5336
4861
11835
1115
10222
3211
11983
1975
9866
1383
7613
7245
8577
10339
3530
5201
6622
5992
5435
8589
10638
9314
5403
9167
6316
667
1619
311
10709
213
1763
72
8921
6413
7063
10916
2828
3188
7065
631
9605
3223
9530
5496
1460
2178
1666
5740
6916
4256
3999
8735
10276
7614
4724
1059
1647
4507
2269
686
950
7885
5040
3024
1786
7274
7978
5408
2880
2379
1550
1848
3987
10716
6212
3472
11760
11888
99
4055
8979
7806
7882
10406
3928
1171
8205
2094
11335
7964
28
6119
10418
11490
453
1588
3020
7676
4235
3353
3609
11884
10223
11748
9152
8390
4323
6204
440
1013
2385
3507
9376
2997
11489
8764
9069
6346
682
10943
9293
11177
10072
6928
915
2491
10423
2483
1360
6915
10108
11427
9021
1480
185
3504
1678
4497
3854
5096
627
6784
5210
6817
4092
8256
10451
6482
2901
5873
10119
2618
8029
2385
11888
8776
3740
11109
3674
6445
3491
4112
6456
10163
4564
5770
1221
2676
3633
2522
852
6620
5020
3002
1492
129
2330
4338
5108
1200
2532
8499
3452
3301
1178
2948
1515
2868
8603
4698
7848
5802
1330
1975
5718
2914
2793
5306
3142
7526
2610
11698
5153
4015
314
3928
10492
97
7301
11595
6989
11967
4135
3620
1456
164
5054
7350
10769
11155
11539
5145
9098
9049
2328
1562
11885
7792
8042
2736
146
8341
6775
511
1107
11991
4620
3168
2911
7953
13
2230
291
692
9121
2920
4597
10197
7187
10213
9469
2525
5832
5248
10702
8420
2754
40
7479
4617
8090
5938
2177
9766
6909
9226
7316
8420
11876
11559
9005
2579
10074
7564
2360
598
5303
1003
5882
8027
1868
310
2678
4016
11934
8106
10668
10467
11996
3449
3541
4873
4828
2152
1275
8120
1449
1379
7358
11046
11270
2058
1683
8585
9473
297
7174
7666
11068
11034
6723
746
4693
5580
10926
11000
2374
9505
6333
9628
7849
6462
8605
4652
11929
7125
934
7726
535
6307
3520
1173
9657
1628
10616
11384
1383
7767
3819
7085
2540
7370
11787
9739
10104
9130
5440
8389
9687
7305
1978
806
2810
11149
680
603
7514
9240
458
4231
9049
647
1531
6375
8978
6124
11342
7262
3950
214
9973
2703
11756
3207
2852
7497
11933
257
2380
6838
9323
1827
7426
6942
5370
735
10234
8886
9822
656
6316
6931
657
8857
10289
6185
10674
6178
9370
8456
1084
10044
385
1476
11825
11206
11665
1451
2945
4455
4064
9938
9570
11241
3649
1586
8308
368
2167
3114
11878
11451
10494
4097
2860
2717
8590
8801
11110
4090
7289
3226
4255
2082
6358
916
9100
7135
3793
795
1382
8424
3202
8417
472
5945
7377
2477
3983
8874
800
11310
3155
2742
7856
3300
5027
7854
10863
10784
11987
9712
10870
2932
9285
10846
2223
3540
6348
4505
5485
10306
8505
8089
2124
1343
1744
1964
6698
113
2627
5523
1851
11848
6255
2841
4497
2730
1442
9243
3898
7753
9764
3334
2170
8104
4138
4798
10828
10321
4915
208
5521
3170
5134
11606
11013
8317
5693
1329
7669
9327
5638
7787
7415
411
8561
6380
5098
1526
1350
3721
6577
8093
73
9573
11646
1519
3720
5612
8010
5135
9895
7150
4072
4808
11196
9373
1132
674
7133
7464
11917
3858
5876
106
3944
11934
4917
8449
3282
1098
5998
7504
605
1644
9142
6258
1248
4276
3666
6436
10085
2214
2297
5890
4552
11701
4264
7048
5059
3690
305
7575
9246
9932
2948
9649
3232
1554
7292
5735
10971
9452
671
6692
8239
3408
8206
4318
2536
2868
9135
1146
8317
590
10215
7280
8476
9208
9106
1553
3913
9768
2795
6033
9245
10829
9513
5070
2389
4563
9446
661
6735
507
9750
6785
5017
4246
10930
10668
5778
11257
6601
4618
2409
1548
2992
10094
1314
4397
10218
8094
9588
2645
10452
768
3890
10460
561
2278
6830
11351
2599
8517
7158
8436
10739
1192
3495
8573
5824
6094
8059
3948
10650
3984
979
5074
4396
9672
1349
1868
11377
6163
5980
8594
3304
10649
5150
3944
9720
5195
8244
1361
6103
7598
9185
8971
7317
2747
7972
3062
11667
10143
4384
8065
5769
8894
1039
9305
4777
9553
3528
6573
2177
8559
1221
6616
2478
9870
1594
11178
535
9514
1585
4036
5104
347
7480
7741
9383
6215
8219
346
3913
5008
5787
6423
11142
8778
6476
975
8244
112
10323
5644
11577
1392
10910
9643
10119
9343
1995
5413
4776
9468
5047
6767
11215
5483
2783
11588
4089
1805
213
1707
124
6414
432
11603
4439
5109
1536
8872
10829
200
5578
1217
8439
7103
8335
4738
303
9081
9938
828
11717
7585
11047
9844
6178
5144
1263
2896
1893
3689
9871
10787
4376
5508
1724
11026
4615
10665
11302
4274
5655
5776
3377
10257
9074
6466
9717
4291
8963
1582
1419
11108
4436
3456
200
404
8538
3019
4878
915
1599
9502
11770
2276
2681
9741
3408
11028
1698
3785
9170
8415
3105
1544
3887
7376
7787
7609
6427
4223
10797
2223
1462
11007
11110
9491
6310
1383
11310
1489
4721
6083
6395
10862
6885
1622
9409
2756
9680
11933
9583
5643
7340
10918
5991
11595
222
2667
6414
10019
8229
5181
3195
10641
7711
8936
3300
9684
4339
3460
6641
5762
1388
7349
6902
6879
7322
11723
8698
3279
8288
10129
1825
4494
6286
11257
11717
9036
295
2521
10871
7556
5499
737
9153
11117
1045
2528
1255
5374
5394
8010
1488
7008
4323
4501
3216
8669
40
2626
6877
7001
6642
3140
6434
2950
7244
3196
5452
8636
3671
9455
6694
6466
6463
4593
11190
11973
7181
9220
2195
4006
10709
1054
276
4498
10179
9490
5948
10862
9589
233
3886
3466
10918
9704
11666
8232
3685
10249
4298
6454
5430
930
9581
10394
5425
8773
8266
3947
5276
3815
7608
10895
4616
2205
2572
6741
8171
2750
4270
2113
7834
9993
3690
7958
8158
8840
6814
1435
11807
4117
8457
6481
3013
7187
10937
8387
1998
4824
3704
5591
7540
3069
5543
11984
10541
8621
3753
11618
434
527
8956
2622
6691
3604
3696
387
11385
1929
2006
5793
7999
6149
3394
2273
6085
58
10417
1918
11334
8020
8105
3648
9833
9260
3904
7607
5965
1949
10671
1521
1378
5200
2427
8636
9856
4713
11176
11178
11701
5788
2997
1934
1337
11781
1013
9593
1387
800
3468
10891
5352
557
9263
4443
5275
4758
6741
1255
8425
6280
319
1491
4038
6607
11793
11965
3533
9614
2679
6154
5396
739
954
2148
1057
1993
11821
6041
4594
10914
7872
10649
976
9752
5089
4270
851
9608
5543
3333
8478
5093
1508
8350
9440
10369
4891
10495
10169
6947
6455
2426
52
1690
1262
7645
11038
5755
8095
5697
7165
5969
9289
3996
7356
9243
3525
10780
1019
10095
9534
1920
1689
5211
11528
6841
10944
9213
5341
9695
1178
398
7869
7280
11652
201
7306
4816
3276
9475
10052
4753
10205
4432
5801
199
106
3190
1462
7362
6308
10328
6961
8538
11614
7741
11814
767
5609
5296
6574
3135
4678
10400
1818
8059
4675
5568
7270
500
2374
1449
7016
2154
1315
7486
7453
9008
6529
5470
2662
4537
2931
2804
1391
10906
7770
6031
10619
11122
8548
11535
8885
3994
218
6828
155
1054
3216
4887
11926
241
5019
7315
1586
11230
6455
1854
2797
1656
1852
9883
2669
10340
3388
1991
3003
706
6628
10617
4681
5232
10275
7921
11470
7572
8509
700
6100
11393
1082
10138
11432
1550
10457
8493
8806
2335
788
1632
438
6887
453
11343
734
3707
6070
8896
10881
4345
7587
5170
3891
8890
9071
8851
7473
4800
4154
6880
3661
7918
6902
250
7120
2167
5982
7642
10329
4487
2547
9101
1571
5952
6095
6082
2728
6865
5865
2643
10302
8714
3952
1446
10957
5493
10333
1450
6028
10756
11382
9771
10052
1083
8225
10186
10292
11327
3409
1105
7586
5998
1883
2558
11529
10632
1150
6851
3063
4715
7766
7045
9041
9952
8922
1240
4076
6182
4930
6897
9302
174
10770
4016
11113
11837
10635
7003
8012
4013
6563
2362
5958
2115
723
11143
6320
240
10839
1115
5609
11220
7473
4180
4649
5207
562
9328
6604
2969
10563
743
4535
1956
4984
2203
7721
7504
7852
8940
3898
10227
5749
8474
1941
9658
7628
653
10179
5645
2452
8255
11610
6793
11001
6963
2761
11398
1792
1419
3717
8888
8112
4243
7089
4683
3503
9556
5218
8679
2836
3485
1917
3244
11241
5537
9312
651
11643
2380
8103
4271
3590
7763
10605
10682
9284
2722
2374
2974
7359
3107
6087
5118
1002
10678
10484
9130
10351
1637
5822
7111
7898
451
5177
6883
5758
1129
4298
6968
7154
4923
5399
10118
7383
2448
10345
355
3780
7774
8154
8683
9825
3818
8542
11130
5550
10673
11446
11772
2825
1050
4044
6588
11796
4048
5719
1755
7947
11761
5750
11958
9749
5018
6223
10767
730
631
9710
1895
11081
4993
9717
7323
4539
5757
11739
1815
8324
8530
1948
3300
9234
1132
9114
6828
9851
11962
1311
2540
6861
5320
2299
1091
3067
1363
7125
3396
7527
1343
10628
3375
10509
4391
11931
6513
9630
3860
10834
7630
10498
5548
254
6134
9617
660
10387
2359
1044
5422
3243
6237
7441
2529
2538
3592
8657
3439
5593
9794
2893
6529
8993
3253
2732
10688
8202
4452
4973
4745
11142
1727
3207
10348
961
6931
7482
5545
5773
8416
129
2282
11114
3431
6997
1386
4178
5076
2829
7337
11594
10365
10408
240
581
1755
11365
5889
4773
2678
6181
656
10814
6093
5906
4196
41
96
8537
9531
9148
5814
4731
5092
2630
4555
10688
620
2221
7187
4516
10580
2117
1143
10336
2841
1972
7266
3571
6855
14
9832
9578
6416
10498
8688
11718
5328
10889
10300
2412
1899
771
8849
1457
170
10400
9151
2000
2135
130
6233
10126
5948
10719
5812
6862
8204
2464
9709
5676
5881
2716
419
184
3376
2011
3577
7795
4276
11356
9984
7402
2162
709
4173
11000
7679
9717
2127
230
4466
11996
10823
3394
2304
4063
6702
2317
7906
2992
4940
5765
10268
5379
8574
10694
6362
8007
10073
10676
10188
1803
7877
10186
1767
1248
690
4240
2700
1364
1029
966
11219
7698
2505
4246
416
1465
10814
10415
6437
10048
10130
3294
894
8514
8813
3457
1627
4641
10869
8633
4157
6139
8502
4563
4791
10314
10437
1359
7308
1401
10293
3566
6529
5085
7402
646
7781
5436
10826
473
3388
8597
10152
1693
1797
11928
3807
7459
7799
3241
1175
3038
3543
3861
10695
9184
11642
1888
8469
5937
5642
9960
2511
5637
5504
9133
2848
3458
8451
7225
9104
654
2659
9993
2968
3971
8741
9021
7138
6302
7828
2975
4858
4708
9295
9105
9108
4277
5759
1431
3753
2063
5984
7030
10693
519
11676
2117
7026
8295
7856
7359
8719
188
653
6903
20
11322
4793
8079
5057
9184
3941
6519
9578
9270
4280
8678
10729
3382
3310
6293
5049
2438
9833
11265
7526
1766
1450
8781
3602
8380
8629
3190
7451
10608
1478
3220
5610
731
2898
8566
5255
4880
3584
2722
918
11506
2603
11112
6386
8081
9892
5138
1798
3483
7973
9763
3640
10622
7555
8500
1367
10399
1430
3439
6807
9975
11145
10982
11289
1579
7454
4413
4615
2725
8377
279
11532
10718
5934
2698
5267
1724
4230
357
8010
3440
3555
10866
4866
10504
1488
6453
868
5357
6769
9733
30
10115
10766
2288
5244
7250
2881
2322
7981
4590
6060
4398
5272
7079
10830
2537
423
6170
8876
9493
1148
11484
2168
3952
8501
481
6969
11791
49
2434
11831
1151
11112
6844
4757
8224
8690
9731
5203
7047
1915
3865
1444
8462
4330
989
7061
577
9290
9502
7908
9648
8019
11819
4912
6227
2563
7760
386
6800
2884
5840
6302
5771
4803
5202
34
4770
7247
1225
8617
9692
3462
11440
2359
703
3373
7431
2933
6658
9187
4772
11629
4911
1656
2795
4472
4517
4062
7159
6250
3076
7017
6668
9191
7207
3626
11684
213
5725
5332
2752
7066
3004
3911
681
8605
9873
6681
1324
5615
6553
7841
7723
4266
771
5209
3005
8197
8067
4256
11593
3634
4688
6396
1753
2654
10155
3888
5463
2809
2623
11547
11756
6820
11671
11555
11421
3895
9900
8282
9885
4457
5015
8892
5522
2673
5537
6827
394
4168
8322
913
9549
3635
10348
8912
3528
821
934
2690
8632
11437
3653
3063
706
6042
5600
1451
4925
10817
7568
11088
3972
5322
11819
4406
4490
10027
10755
9549
362
2276
1734
9576
1571
9812
6575
9036
4875
1615
7032
3940
3424
3006
3571
1008
2712
1369
8230
190
9886
4768
1181
1033
8457
7905
6800
6386
8836
8522
10625
188
4873
6296
3545
5818
3743
5642
11872
11452
6986
1584
3647
3365
8453
5927
4626
4855
8119
9482
3807
5649
7394
10915
2227
8215
11565
10057
3902
9285
2378
3079
419
5223
6557
957
4583
2512
6160
4967
3884
9697
2212
1717
3230
521
1931
1305
4471
1803
8117
7680
3690
5760
10924
137
51
3021
9239
3113
10221
3516
5286
8040
1905
5674
9818
2026
3057
10087
6417
9444
5572
3799
7925
4273
4027
1807
3911
7139
11087
3172
5349
9460
7635
264
5309
3981
1523
11275
4492
6213
40
3968
1803
862
7755
11003
6938
1369
3347
11793
10087
4991
6378
8909
7370
605
1624
2477
5513
9526
695
11783
3514
11082
4093
1483
8731
4603
1700
4366
9766
7629
11884
9510
2979
10828
969
3990
5182
11038
5797
1958
10199
9243
6395
6941
1521
9985
3490
7648
9150
4852
10680
4348
11973
1151
9503
2072
5690
7723
5502
8393
4279
5085
8551
1510
4402
6733
1293
8626
8907
2334
11513
3257
5722
1992
3535
9210
3936
1420
10520
8314
11764
9001
7503
858
5350
9191
2581
5788
2992
10572
4374
293
2393
1085
4164
5344
6927
3593
6637
4995
4662
3890
6147
2968
11045
2646
7696
2063
2612
10492
1572
8360
3057
9546
9623
4965
6147
1209
5617
1244
4727
8844
3958
10987
4959
1237
2209
10908
4406
4343
9488
3166
9299
10742
6698
234
8453
6671
9928
3524
8846
7165
5021
6570
2717
4953
9414
7373
2342
6285
767
10681
2250
6640
6756
3506
1675
3574
8581
4126
10423
4529
4335
73
1073
4399
3302
8328
11615
9043
2603
2923
1079
6622
5292
5641
4651
10781
6084
4222
11996
6134
5346
9719
3160
5422
9805
6141
447
2882
11625
1470
4017
17
10084
11411
9753
11928
25
11912
57
6696
2587
11538
3764
3084
8410
193
8217
8872
5589
6476
6858
7684
6117
6125
3282
7962
5337
8565
11737
10022
1176
3464
10420
9685
11472
10512
5722
13
10655
11299
649
3974
5401
8227
1214
2633
2536
3785
4451
7565
11556
4312
6975
10652
4590
1575
9650
1287
8454
4982
11920
2253
2613
11200
4780
5125
11494
2238
8088
46
9496
9715
4080
9078
2392
8071
10460
11039
5520
6918
1298
8883
7198
6501
10291
2116
5314
4414
6479
2632
3792
4257
5645
8563
5887
9846
10900
11343
2811
3870
3784
8187
5160
3564
4342
9514
901
2003
1102
583
7431
10056
3848
2737
232
10801
9256
2091
7165
9417
8155
389
3190
7055
7184
5983
5574
3162
10960
6456
2177
4988
1679
8446
9366
11684
5207
10545
11434
7454
10175
11883
110
11633
9559
127
10800
1338
10431
4100
9645
4549
7211
6055
10357
9975
792
10921
7917
3010
2252
4393
3849
2362
5679
10756
8720
11611
5714
4638
1819
1979
7991
6712
9713
11065
6489
9338
2381
8998
9094
2753
10170
4734
9308
1179
542
692
58
5476
4865
9864
8915
8596
8011
1839
2833
8044
11521
10842
640
3917
10392
3904
7006
11832
243
2763
10532
3136
7716
6809
2843
317
4367
4609
11215
7318
11202
4090
2265
10774
11120
8324
651
4712
4186
11229
2441
8311
1547
1096
7991
3607
10147
11955
5669
1810
8110
9145
9643
8980
5720
331
8207
4292
1364
6290
5788
2980
7664
11398
5742
7282
8176
1626
6475
4301
5664
185
6159
9702
2852
11578
3473
8485
3915
7898
7279
846
3657
8644
7068
10206
5404
1043
8243
3985
6087
2132
1956
11575
3803
8328
6222
2138
11366
1156
3426
7530
2906
7107
5101
2579
3553
9232
1978
2331
2529
10178
5839
7598
7715
10725
7579
6233
792
2726
11151
10085
4547
8490
11697
364
5703
6213
8195
3474
7903
6961
312
4874
3976
9008
3949
10601
2630
6014
10065
4378
5992
10549
10918
7001
7140
1892
6702
3767
837
8853
3869
1235
135
6484
4016
10413
6326
4143
3266
9740
5923
3256
4436
5814
5948
10415
55
2789
11713
1149
5435
8756
11643
9719
3495
9099
5358
2705
6946
10993
2340
2975
4690
5610
4922
5756
5934
1529
7181
2100
11510
2024
2527
4945
3321
10537
5330
3250
1549
613
11880
10390
3418
10945
1325
7980
2826
6862
3907
7786
1034
10773
1872
6108
10859
5487
9941
3237
2458
229
6992
5096
5824
11388
2828
11123
9451
8636
11481
1719
443
8055
9444
2281
6449
1226
3561
10848
4293
9015
10984
832
6139
8854
10684
5119
9180
822
6485
4905
7571
10671
5365
6311
7287
9175
5988
9595
11989
4808
3027
8197
8738
4686
10754
5426
4549
9127
2710
1698
4261
3860
4978
8634
5105
1059
629
4111
1624
3823
10404
2547
6206
610
9458
9225
3515
4350
6265
8384
3519
11554
7282
6114
1524
1744
11981
2737
2810
6872
7143
1404
3932
10103
9026
2075
10684
3492
9088
6814
9935
525
5390
1522
7229
10356
7645
4762
2012
11816
9055
10244
9770
8877
2662
3845
7096
5206
3913
8710
3868
7833
406
10974
4204
10670
545
4156
763
1730
6869
1969
11228
11364
9275
3523
3419
704
6190
11423
2532
11735
1934
2169
2348
2982
4108
9595
8049
5858
3751
5673
5390
11976
3394
5181
3523
9544
3782
8999
600
11032
9146
11716
8605
10749
11325
4336
6449
3903
8907
10417
8429
7858
705
7913
6468
3977
7500
9282
1387
8379
5896
3062
550
2312
7513
1211
10742
7579
5354
11858
49
7527
9362
10977
8753
5640
8529
6605
866
1591
11838
3809
5014
4851
2436
11490
7679
6569
9075
7430
1634
3404
7749
3671
5512
4349
6851
10290
969
5328
4790
6138
5792
6425
151
5846
2553
9122
8893
11593
9072
9754
909
3651
912
612
1503
3691
5602
9765
3846
11054
10931
2606
2496
8920
5911
4536
9347
4325
6435
8868
8078
7400
567
11207
9264
6980
8686
4975
1735
1939
3302
10668
611
113
419
5601
8639
7603
10656
3571
11025
4543
4144
4769
10911
3112
2330
3712
2953
5541
6337
2620
200
8376
1406
1826
6473
5975
231
11252
2978
11431
609
7850
5657
4633
2850
5160
967
11106
7788
6691
6430
11552
973
859
8136
702
10785
1563
8814
11117
11701
9182
4687
8980
857
9914
5498
2761
2284
2850
7441
5753
4841
11
11655
40
4903
8842
7055
10399
7207
11227
1911
3882
9056
6101
9489
552
6200
8062
5419
4819
9233
8141
2152
1317
7220
4968
925
11989
549
5091
4131
6260
11622
6003
775
1700
6010
6731
2948
8500
2111
2377
7768
5376
6071
11052
3244
3195
895
9924
11787
7646
4179
1907
7835
5702
3774
11561
4122
409
8956
10288
6540
729
4333
8766
2421
1648
4692
766
3218
4768
1418
5135
10166
6796
8845
7675
6431
7097
6059
51
5618
11457
6179
535
8149
1662
7010
1532
10154
7271
8256
5323
1934
1130
1092
10279
890
11729
9919
3073
11006
11407
5499
1989
11552
3717
1457
6416
3627
7918
8233
9989
477
11611
6117
9548
8221
5956
7859
5196
3706
3696
7634
2222
11649
8381
8737
5509
2048
1728
7459
1278
7059
980
8906
9625
2076
1410
10349
8275
8749
775
8795
1364
5949
6607
3985
8758
10435
9582
11928
9531
3999
7075
1310
11728
10381
4112
3801
7362
6996
8514
1239
10839
1783
924
6102
2617
6011
10730
2423
3880
9847
9505
6431
346
2814
717
3733
6096
7974
1790
10720
3384
4708
6449
148
7875
4482
5429
498
2629
733
8172
9697
10365
6277
11058
194
8137
11164
11001
2152
11566
897
10919
6626
7088
5214
9624
11128
10436
5366
9096
3876
1672
880
10899
6259
3562
5252
2669
1701
6938
3834
7141
5139
11946
6380
8092
2662
11644
9299
11905
7688
10442
4595
6074
10137
4178
5817
9058
10605
7413
6023
5288
399
578
6850
4930
2605
9131
5230
8172
922
2702
7108
4352
95
2471
11715
1147
89
9591
3553
10370
5957
8470
2148
10530
4476
4090
7992
6433
5124
10254
2788
4443
10886
7749
5163
2859
5610
5934
5490
32
11294
67
5270
4362
4673
7962
11730
6262
7892
5122
6859
10451
2778
5539
10068
11609
6391
3632
969
7486
11031
5598
7474
938
6755
3497
6488
10206
759
6913
9930
867
1548
4864
9611
9496
10915
4882
6740
11904
7054
6769
7353
10222
7957
7539
3966
662
11346
1395
10016
9909
7903
10324
11411
8460
2484
1000
4540
69
1208
173
10570
3576
3000
1556
3663
2973
4152
2477
5973
7480
3849
6153
8805
3660
11400
7434
1342
8328
6000
6201
5597
11990
11416
11369
8985
6018
8834
1497
5994
527
1388
3557
11842
8102
3526
11190
9870
7058
1361
8088
4610
2854
8583
6684
2025
9536
10214
5335
3382
10795
7690
555
7547
247
5186
4559
184
6955
1078
493
3405
5012
5611
2215
9881
1193
543
8339
3248
185
8521
7480
11833
2854
5310
7258
11294
7293
2815
7579
11748
7063
10910
3093
238
68
7640
431
8140
10961
10242
8952
11126
5703
11672
9186
10824
11168
8992
9062
8067
5101
4964
8166
9859
8783
8578
957
11767
7943
10033
4798
369
3205
8792
2029
6749
9345
9859
9056
3670
7081
1323
5498
8224
5913
9460
8966
4096
9670
315
5844
5503
0
2734
1729
11991
10934
3145
751
5901
7946
3216
997
10244
11632
5586
11610
10027
7107
437
3861
823
3733
6528
11620
4402
11473
6561
86
10710
8438
440
1551
320
662
944
1150
3659
8099
6723
8193
6875
6101
3337
9627
7220
5346
8140
11556
9064
1167
5344
8460
11421
1713
9501
1862
913
1120
8861
4685
2551
3061
10758
10377
6530
1588
3128
9131
6461
6083
3696
9121
997
11430
3100
4656
6797
7213
8383
9519
6058
6750
10770
6471
2598
6213
552
9029
2482
7885
4156
9082
4679
3743
4102
1790
60
4137
1598
1413
1207
7215
1859
8354
9134
6067
42
6650
9915
2218
4800
10527
8586
4132
8985
10346
1352
5826
10894
4382
8218
11477
8755
3355
8616
9065
7734
3489
6427
11663
800
9114
9965
2857
8147
7398
7121
7144
8645
3841
1750
8727
2921
1433
10770
7278
11198
1191
10079
2562
5863
8843
5536
1669
9084
11911
8638
6743
9319
3347
11398
3648
7668
35
1096
4921
7361
9137
5182
11676
3432
8205
1504
8749
6794
10367
1440
3477
3407
3594
9119
8860
9160
3184
3076
8692
2295
7060
5072
1396
9906
10360
6663
8848
978
3003
1307
8377
3902
1537
10352
4450
9084
6533
7203
1200
1466
1181
11314
3981
1261
7445
10304
11599
2071
9241
6621
4613
3869
5595
10588
9304
7914
10601
2504
1421
11713
7182
6687
4762
6505
4345
3888
4913
1533
10509
3481
10165
10470
10904
7152
1640
11909
762
5491
11107
5708
6096
10009
11725
10222
360
11488
8167
10106
10164
7457
4067
2401
8400
4751
10700
3961
10788
5693
9052
4081
1780
8385
151
296
2184
4934
3538
10856
5518
2115
3177
10229
5292
1057
9936
309
2825
4004
9872
9574
9117
10986
2164
1490
10478
11487
3407
3855
4267
9729
6289
6492
35
3154
10365
3881
6745
6025
6631
5822
8461
1725
76
3073
9022
6481
3151
235
4664
9590
4252
2716
2449
5146
4906
690
5547
3391
3203
2292
2066
6437
11364
7106
2076
9028
3958
7082
7831
8340
383
7597
2940
5531
6560
196
7330
7804
4665
6854
2325
9212
1849
9221
8022
9257
1437
11332
5381
8521
3029
4630
6046
8159
3217
9943
7893
11025
8301
6160
5656
8517
8407
3895
9730
10944
10879
8292
2316
4284
1542
10375
607
643
7675
11042
1516
1565
3993
3725
3713
8529
8952
1209
4341
5548
10888
807
1735
4746
6236
8260
1854
7081
1091
8210
4854
11122
2793
2026
11328
6829
6011
7973
7234
10759
9971
2384
10381
9918
10032
5511
1563
11713
11681
6081
62
10993
10387
10394
8192
10161
10346
10892
10929
4613
3248
3669
6411
9509
6590
272
1163
10912
1840
8390
6426
2824
7974
6683
6786
1424
3373
11020
11563
9052
9077
2742
6996
9032
4593
391
7261
4406
8212
8409
2701
921
744
9893
8396
1382
9084
1334
5271
8491
1739
3540
7477
2791
6675
581
7567
3128
6340
1623
5278
5255
7665
864
302
5775
10138
4592
8427
1573
6676
1491
3762
9204
6136
8847
1526
6394
10638
5180
3947
2929
11732
3117
329
591
2582
8915
9179
9675
2884
5095
7533
4801
3148
20
2213
9316
11287
8993
7731
3506
7101
9624
9916
1218
7311
5697
9066
8111
7170
2672
11537
2909
10550
199
10144
10428
8482
10688
9642
1980
8736
1961
1738
985
11914
4420
2735
1154
834
2904
7849
1590
7638
2577
9635
11454
3120
8670
5650
4563
11168
3800
10631
7354
4020
11855
10879
2068
9201
4058
9491
4894
529
2859
6209
3955
9552
4639
3344
6616
11986
9053
5164
5548
8481
2890
10505
4292
6019
11903
7108
1782
3699
8906
9266
5342
10450
2745
9861
3137
4367
2315
3726
3876
3947
8889
9493
11763
4361
10347
3689
264
9245
8690
3841
3230
8132
11348
8679
8182
11702
5299
7287
10346
9425
6921
5126
3028
1009
3736
3361
411
6173
8859
763
8655
4853
10974
4696
8397
5864
2039
3287
6323
10301
1693
8900
7412
2664
7461
9322
804
7735
11389
1879
8921
6606
590
738
5559
11128
5497
7168
110
4137
7184
8380
11904
7431
4213
2801
838
8319
5771
6226
10092
6913
9676
10291
9582
11981
952
2060
1238
9202
5180
3243
6808
8123
10708
9675
1993
2869
11110
6163
7191
4863
1858
10666
10902
11320
5238
998
11094
1227
2881
4860
4367
8802
10090
5970
8736
1077
2230
11435
9134
1332
5015
10229
1480
1480
11344
5749
1217
6329
7673
2892
7638
2805
2502
7972
8208
3749
566
2004
11239
6851
10730
2514
2856
6532
5332
3970
7173
8306
7874
6346
6873
5143
10427
5003
11131
11824
74
7219
10866
15
907
9146
1760
2026
10772
11862
3326
2681
5958
391
5468
721
10421
3177
8599
9401
10850
3477
9285
632
1108
4505
746
2072
2993
872
2213
11948
11220
7983
7236
10235
4764
4525
4481
4963
10336
7058
11371
6942
8774
7907
7131
3150
9540
4207
9383
2323
10247
2905
11351
7905
3293
11885
5114
5619
10192
9107
11985
3309
62
7779
4212
9484
10025
6023
634
4187
7860
392
740
9360
9324
9800
6779
5744
11881
4024
162
1721
9387
10968
6330
8106
8396
1163
5578
3976
4259
8766
10051
4041
6089
9386
5174
9830
3912
8594
11254
1162
4986
756
1781
902
5232
8145
3205
8912
2176
814
8477
6408
9501
755
3653
7624
4475
1180
9145
1671
8042
3520
2904
3960
7212
6824
5924
3304
4693
731
6866
4013
9310
2046
2456
1816
2783
8168
1490
2381
5830
6229
2869
11477
7293
10807
4020
4509
10162
9381
1401
4200
11856
9481
9473
6580
5008
548
599
1282
3283
7039
3788
4281
364
5119
3013
11758
7285
7566
2045
8708
7646
2080
8303
1184
10043
9186
1186
2735
6136
3267
2674
5665
1335
10015
3661
2125
4941
3653
2593
4877
3855
1809
7416
4689
6602
6735
1654
10932
4418
838
4651
9787
5558
8044
8578
4842
5716
553
10761
5465
1614
2846
7206
3410
298
9580
3890
3541
11598
3071
8470
2319
7442
5591
6519
1904
5369
3512
7201
232
4597
10603
3506
8364
7363
8357
7753
11701
8066
4243
5997
11309
7822
4083
9317
3662
8593
6540
9644
1503
2916
7768
885
5348
10542
4770
6533
8297
5893
10871
6765
8376
6320
1925
9266
8551
6447
1516
10561
8834
8737
11336
586
1586
2479
11343
8574
6160
2958
4993
1010
6435
3417
3946
2504
4598
6726
6140
5853
4701
3257
985
8412
6036
10529
3645
2087
11333
8522
4979
5828
10032
4377
4731
2450
2590
5281
846
5962
3799
876
5597
1227
9512
4432
9243
918
11983
3243
10478
11127
4181
7385
11737
2836
2986
1961
4692
7673
1082
1348
2862
888
3680
2738
6226
6535
6846
374
7118
3049
9263
7432
11390
10221
6681
7338
9930
8562
10085
4624
1116
7545
10792
3020
6653
23
4231
5510
9420
8310
7071
11476
4640
11009
11655
7782
6585
2603
5374
5843
8432
4155
660
1163
617
1152
1666
9783
9109
5632
540
11289
7522
4140
5335
8704
1867
8918
5144
1575
11924
917
11979
7961
10846
3798
7199
7785
6616
10027
10954
2183
7265
9519
2166
6920
10557
3959
11984
6920
5917
6009
7427
9148
3863
10074
6129
6760
4062
8096
1606
420
9364
10089
7410
1108
5767
2633
3820
2448
1245
7580
380
7789
5743
11469
11653
3719
8337
11899
5952
7637
1720
6169
11651
10217
2590
1930
766
8272
11420
3428
3143
11529
6299
8130
4402
198
1149
1070
3170
8998
2591
10234
3732
1429
8092
5586
3329
3598
4769
11090
10706
5787
9318
9106
8331
209
7009
2014
873
1064
5573
4751
1058
3958
9998
6110
10938
10213
10894
269
5933
11292
6037
4947
4627
3730
2088
4877
5380
1474
3167
1058
7203
2416
5136
3245
7189
9155
2849
3639
3878
8685
6551
5534
11573
1696
4773
3896
456
7573
4753
1406
1713
7927
7307
9460
11491
5654
3502
8942
596
11997
11172
6278
8244
7000
4431
4369
11934
4994
847
7419
5765
8381
10732
1544
1961
2016
1300
3204
3367
2862
9037
1093
9922
3343
10540
2087
11810
7981
7556
135
10020
1401
7575
6714
7474
5667
7489
4526
2649
6192
10314
567
4841
8086
3789
521
11688
4835
4947
11636
9560
10564
6306
1798
3662
1928
3362
10513
1400
3790
3365
2744
11574
2370
8147
3367
3402
4435
8822
7957
5180
5336
3710
11186
8497
6393
645
10840
543
9062
11089
1722
5915
9787
6074
1259
4617
5125
6964
11577
4669
11937
3391
1149
5700
3885
2455
2812
2413
3437
9368
10004
7521
3751
4224
9556
6969
3540
4415
9178
11784
11963
3443
4974
4819
3997
10505
8908
938
11538
9174
2077
1870
5536
3892
4994
12000
79
1694
4750
772
10155
7692
3038
11200
1094
8341
4436
10098
3391
4358
7186
2263
11507
3387
4913
3674
11750
7114
5281
126
8032
8529
557
3373
11443
8368
9354
8868
6101
5506
4539
5645
7648
6184
9370
1664
11971
7421
10352
3094
6413
829
1157
11575
11729
2283
1122
7409
415
465
443
926
11848
1354
4098
6921
8732
6013
5904
8127
4960
7806
10747
11102
9785
8259
9170
5675
1527
270
5890
1298
5656
9226
8691
10183
7081
4805
4291
5993
2918
10873
11402
4207
7698
7833
8115
5891
10178
1164
9087
670
5390
5605
5691
1136
11474
6554
3388
7683
4072
8720
2991
11943
9738
6935
364
2565
5792
3258
10249
2944
9459
4098
6527
2852
7880
5084
5146
560
2734
9750
1279
1091
6699
10838
4981
3673
1890
10130
7671
1223
4667
193
11243
10913
8823
3288
2397
1343
8217
2911
1018
10845
6247
4052
8971
10644
7377
7234
10651
363
11020
10740
963
11328
2631
5182
59
3579
4713
2669
1276
7301
3741
5288
5170
6509
3600
4506
10324
4427
195
2309
8853
1852
5234
4488
11079
10152
1962
4489
7797
5157
7792
8592
1891
11291
213
5888
11750
2677
1349
11677
10998
11772
693
10343
2534
10210
1266
5649
1657
11142
9412
609
3279
5208
4842
3709
11818
11621
9313
1217
3258
1480
7430
2707
11254
507
5620
2596
2794
10759
1168
674
6076
1736
4499
9017
1620
10430
2505
9567
11559
5373
8741
7898
9143
3752
1694
6261
9186
6852
9104
9014
2006
9819
6417
7872
6850
6756
1020
5169
9402
3590
6728
4409
119
4925
11314
8863
5532
9288
3469
846
7506
1700
2612
10515
11650
1436
5345
3636
7632
10099
6121
6780
9100
2860
10820
5712
5253
1700
8441
10510
11788
3932
6012
3041
26
79
9080
4899
1485
2361
757
6764
6961
10535
8361
11383
8410
9830
8012
5968
4477
5943
366
11797
10485
6764
6767
7139
981
11531
615
8387
11717
9545
3655
3352
5894
10348
9133
4187
3099
9453
11400
5231
6039
6251
4585
1325
4478
1637
5303
4733
3330
8190
8159
9797
4778
1416
5932
9802
4663
2596
6843
2262
5045
8205
7174
2940
1944
7664
8803
5402
11694
351
11833
3745
7173
6333
2499
5396
10402
11208
7953
10452
6504
1752
2244
8044
2071
3698
10014
6535
204
10044
5845
9111
5269
7711
4198
5421
10439
138
5027
5411
4574
3592
11886
1339
1786
9501
293
198
7258
10047
8546
9383
10438
7535
10900
7401
1714
9741
2212
8808
961
5456
1617
2248
10061
8902
2703
2623
4596
2442
10950
8844
10334
2218
11756
1530
3957
8856
483
2215
10701
1326
11253
7228
4109
6323
4037
1408
9113
189
1718
1170
901
7484
6286
1153
6816
5664
2238
7794
4510
9199
3527
4669
7140
546
9992
4268
3087
8013
6271
3128
6001
9402
4559
3826
6459
9671
10312
2355
7520
8471
1185
6712
779
3489
1965
8292
5193
11946
4155
7792
8071
7364
6138
5767
4032
9923
2472
887
3572
4236
8897
4142
6095
316
8994
6857
10804
1786
9225
10360
4832
44
3213
11498
1296
6176
1613
8942
661
7767
844
2290
8879
3617
6184
7507
5208
1489
8390
8053
7465
10579
1998
5315
4618
9319
7862
537
4257
4415
6231
9433
11376
6672
11829
29
11276
5229
4883
10019
1038
8230
3958
9975
5161
6747
7698
9316
1324
5943
3227
8710
149
9019
10960
9876
3957
7372
974
1321
2144
734
2842
2562
8708
11678
2967
5686
10827
5954
4983
9895
8039
3537
3648
5742
11699
1036
2949
3258
11785
298
10740
4037
11003
2594
5275
7549
10288
10666
1379
8600
1424
6234
5735
1784
5403
6208
5951
8179
1513
10907
10529
7232
1810
9995
2791
4901
2732
6654
7047
1608
10034
1651
5936
8390
9067
10543
5898
8885
7618
1128
11090
6398
9104
10603
2855
9252
11850
495
7969
1997
11523
4538
10401
796
482
4030
6220
6371
1890
11034
11549
7422
7852
7935
1059
11253
5716
6436
3600
10576
6833
5939
11819
4077
1659
6620
2521
1318
6041
2117
5562
7861
7832
825
1599
4290
2706
3202
958
10880
7099
11268
1062
114
10644
1688
2565
2191
4324
3315
323
11787
1738
36
6704
8034
7452
10037
3534
11605
10371
9262
11097
3163
3379
9912
8101
4172
5202
6209
11445
6164
2508
11492
8856
8032
11738
4813
7104
10794
932
9833
5540
9477
99
3636
5044
8395
144
10468
4278
1076
3421
6987
2252
11428
11227
7738
6710
4481
11294
7908
1767
3169
9403
11268
7459
4028
1672
4338
501
5629
11918
1382
11605
8722
9689
2736
10025
4723
11125
9273
2830
7119
2763
2482
6495
2753
1732
4688
11920
2663
6460
5320
8894
3246
8124
8977
6270
8036
4494
1178
7737
188
8662
2243
8111
43
3326
4634
9452
10710
4915
446
63
7606
6742
3330
8566
1264
6717
9219
7762
4394
8873
6644
2899
4356
6984
8201
8164
644
9050
1902
1928
5841
11217
2709
11245
11728
6922
434
5480
1878
9602
2507
5752
3984
11275
10771
4951
3559
10633
6497
2670
5402
2944
7269
2201
10260
6191
3112
5091
7671
11275
1484
8307
11778
4975
11232
145
9153
10523
2562
11346
10285
10240
9380
11678
11336
5643
3958
1374
8161
729
39
3325
296
7864
4784
11787
6728
757
2859
689
7735
11492
5076
7203
3963
4336
1551
254
1112
2350
1276
3093
6211
1282
4280
3734
3461
7283
11229
1268
11964
8223
8349
3518
6388
5146
4994
441
733
10429
10955
11889
10834
2701
4763
8024
11087
11377
6839
1676
5140
5846
8177
6311
10871
5991
612
1037
4950
3582
4358
9257
9686
8466
4547
5
6512
1171
6927
986
2651
4590
7657
1512
7918
9876
7325
6232
9507
1513
830
530
3833
11716
6723
5856
8102
2859
1842
2022
6255
4669
11823
1638
8316
4111
3017
11359
2858
8731
2846
9501
11461
10194
7366
5885
7462
248
5002
3331
11205
8179
9964
7307
176
8970
1737
2589
3071
11027
393
5555
1766
3209
7066
7866
8564
3282
5036
3826
1789
7567
5265
7559
2941
6671
11001
1442
3041
613
9254
5841
10731
6482
512
10224
3867
6969
11926
1103
11975
10696
3532
11037
6888
9195
3753
3024
1308
743
7411
184
1669
3917
4957
11455
4876
3853
9392
2326
3904
1611
3522
3283
7155
3881
8730
1583
8642
465
5381
455
6729
10556
2249
9509
6109
3741
10042
7313
3048
10063
2121
11599
7684
9059
3964
4438
7244
2890
1667
5003
8550
9029
6990
9157
5017
1848
9979
7124
8593
9646
6101
11894
6678
10195
3153
1757
78
3876
9834
8527
10351
2784
2949
8471
1667
8850
3617
3940
7426
8165
4636
7857
5298
2085
9347
8921
6274
8540
6869
10377
5501
3175
11498
7590
5289
1521
3354
7421
7682
10338
7046
7535
5300
6594
3119
2300
10927
8272
7536
11809
10403
6214
5179
9805
11867
2731
4550
6976
5249
6464
399
23
7155
4237
8907
4374
7853
9181
4349
5094
11113
6360
865
6764
11947
2488
7935
10541
64
6974
3652
3534
7950
7646
11633
11896
9943
3937
3584
4642
10584
7147
90
8252
4679
7584
7104
6457
182
1973
4911
7432
11948
7473
13
1674
11758
4941
10417
449
5805
1817
9213
4483
8842
8058
178
9920
2762
8991
2223
5143
10182
804
1117
8105
851
7568
10813
11167
4313
11272
8974
7259
6221
6294
4010
11246
6065
1074
5935
3947
10815
4413
10797
1126
48
11953
8226
2010
3677
1784
11795
9584
11166
5004
456
5845
5435
5198
10221
5676
5200
440
521
10673
10499
4317
11430
3452
9516
822
9850
7475
531
1672
3324
11272
6935
11661
2802
11255
3735
4113
8938
3928
10820
8340
4012
4303
9499
6171
9483
2735
417
1253
5472
1148
6953
10711
7168
3748
10520
6103
6148
845
10986
3341
8070
1293
462
5253
3939
3293
2250
3966
8370
8988
6541
1095
761
5239
10739
9921
10245
7400
4862
1310
566
2645
11436
8106
701
2543
6699
6984
7078
5100
11625
8552
9672
10363
11385
5464
7057
10931
4382
6817
6644
1395
8790
8914
11884
2691
5811
1659
10145
10764
10446
2457
5252
1711
553
5393
7350
9688
7340
4850
7786
7367
7137
11359
4147
1677
7448
3604
4355
9737
9702
5921
910
5587
9039
9466
10902
3337
9645
7422
4328
10688
8799
10201
8575
4592
9740
9515
8539
3950
2837
2574
3957
6711
10280
9286
1901
4694
1593
8482
9195
653
3776
3604
10683
8783
10720
8117
2819
1847
5775
8108
1963
11530
4971
2129
7060
1330
6334
256
11057
5498
9148
9683
445
2995
5697
2868
9740
8358
7150
4322
11489
11605
733
11560
6594
10970
3176
8595
10254
7240
7665
521
9748
2879
10125
7333
9604
4875
5649
4040
1323
7381
7239
2522
10918
733
748
10194
3882
1330
8041
7680
8087
6093
4841
6138
10165
5877
10610
10660
2577
235
3026
1421
6424
1281
1240
8815
9356
9190
10053
2719
10648
6006
5535
7433
483
3943
7331
447
1969
3226
3978
7363
162
10813
11083
6643
4557
961
31
10770
8049
1616
9149
6556
4286
10974
3811
4914
6610
10350
11034
1368
3489
10622
9370
6908
11337
2007
2706
10456
6080
2836
10661
3348
5600
6252
8726
619
4343
4385
8210
5751
955
11579
11221
713
5697
11612
9545
1722
10689
6656
6284
3080
8722
7801
5433
4772
3391
6524
1322
227
8739
7364
2980
696
2380
299
11903
4153
8264
2997
7620
11464
7747
85
11655
6758
10600
9001
5062
8504
8829
1736
7769
10754
1892
913
9223
10340
9916
7164
9638
11496
1930
10652
5212
6476
6970
8849
9179
5158
2990
3314
3393
471
170
8230
10411
5680
3023
4831
3596
108
10071
10652
4801
7892
6488
4615
7493
1589
8173
2528
7945
5264
1111
413
4220
5677
11705
3403
132
5673
5886
3499
1266
10710
7411
583
323
3631
600
5399
7691
2395
8144
9002
2114
2392
6190
6324
11700
11329
9054
9999
7200
2348
217
4467
9654
129
9178
5685
10925
7151
2770
4342
2531
5149
3226
8555
1423
5975
11079
9346
10902
646
7353
5029
940
1338
4144
2700
6456
362
5716
6599
839
10917
1683
7960
9150
2422
7629
5236
4875
10757
8678
11246
1983
10472
84
743
2260
6324
3828
10386
2493
6987
3465
6728
7082
796
1213
3127
8979
9664
9221
4847
3608
5037
1445
5601
10527
8822
1325
26
37
8656
11619
3196
870
6732
2299
8300
230
2585
4357
3032
11140
10803
3599
3945
5987
2605
1248
194
11535
3537
3170
11609
9386
2218
960
8896
2987
11189
3955
4060
9771
2308
3345
752
10844
27
10167
1272
8901
4004
11824
3337
7624
4158
1107
1491
819
10173
7344
3174
10895
3790
9340
1958
4
11953
10215
8370
5318
11895
1008
9976
10318
11765
1110
5023
905
2166
3104
7972
8329
5205
3543
610
2535
10214
1464
7239
5542
3261
9099
2505
4780
10899
319
4029
5081
11258
5733
10806
9088
5743
1167
2659
7374
3954
428
11647
3357
1335
9784
9320
6392
11237
2506
8162
2969
6645
3156
11236
4980
11793
8885
9271
3313
176
7150
6872
8834
7221
11597
7468
8847
886
6692
11846
9666
3982
2841
3771
6753
7769
1271
4210
7109
5612
3885
9021
8231
8059
5564
3804
1903
628
3102
1680
7464
4945
1958
3310
3913
6545
3450
5337
11324
6742
10807
11721
5524
5420
10674
8038
7845
6415
3165
5858
5966
5355
548
674
8527
7414
7852
8649
7096
9371
2443
6551
2503
10698
11595
11794
219
84
7512
1338
11630
911
10088
3534
2458
3599
799
9559
6532
8605
6727
5162
236
11041
11571
6795
10669
4436
10854
10964
8436
7156
7155
3785
2448
8270
6269
5256
735
10396
10593
7574
8454
7102
7848
5201
9727
7904
9404
1897
3812
10721
3023
9055
2313
7839
5749
7972
6772
1038
9960
8534
2960
2440
9298
1854
1514
2005
7187
10968
4340
10274
5100
7552
10263
8036
8525
7906
11920
9066
3742
4052
2732
3861
8061
9861
8024
5559
8106
7439
5958
11738
3002
5847
7949
11802
10013
8275
563
8929
5190
9395
11644
300
1053
11416
8503
5379
3070
7709
5523
9454
8903
8432
330
10515
6923
5649
3961
9689
5410
3809
9045
5074
1146
11191
2993
7725
3778
3096
552
905
2388
4052
9802
5383
5097
6178
1794
10649
5330
4156
2502
8370
9569
3841
6593
4221
8905
11595
1804
7442
10684
2800
10256
4025
6769
764
7072
1400
1671
11373
10983
5818
8800
10359
8347
2301
2508
4948
11135
3140
7438
1878
867
2339
10781
1456
6402
243
9656
2326
3644
4799
10714
7971
1913
9430
6354
5783
2625
8515
9637
10649
1350
7730
5984
11497
6012
6247
2211
3164
2097
10840
10199
3197
6257
407
5698
3812
8480
5238
4309
1289
6309
6549
564
2446
6140
10402
2373
10582
6628
6043
9738
9440
11597
6052
9684
1258
8549
4367
790
9822
2029
2342
8473
3738
8504
6429
6358
773
1343
5915
3622
5093
8684
11335
9091
5651
1556
9749
176
9721
666
43
4427
8712
1550
5715
3456
5914
1559
311
9498
9707
4249
9773
3569
3025
9213
4363
5441
4524
8253
8715
5114
6875
10042
9695
7447
1038
8982
4391
9877
8093
8009
448
3804
2358
3387
10334
7315
1055
10316
1769
268
624
7252
2701
6627
6095
4335
6566
1032
3543
1157
10470
3198
10651
11360
9107
601
10824
134
4778
3235
28
5684
10861
3878
4688
1070
6376
5362
11460
6586
11015
10732
9629
8903
5063
9004
4098
5745
9082
379
3585
9649
8075
2326
669
7653
2029
1846
5709
1326
9310
5551
11401
7551
9343
3827
8899
4806
10331
8427
9939
10457
6453
220
4256
3637
11074
3661
5905
5807
9940
2658
11662
4907
11158
9117
9772
7288
8946
10311
9621
8168
5748
10549
728
6377
4211
2265
8562
8487
10879
11704
11200
3160
11158
8786
10754
6663
149
9556
711
4957
6443
8734
11024
2652
9740
3496
10746
6316
4408
3469
3434
11263
11644
6260
3285
2909
8829
8499
10099
10147
10055
3386
698
10896
8417
7207
7308
9156
2825
3018
7645
6274
7465
9922
11138
1092
4912
8838
2677
1791
2077
4657
11708
908
9744
3916
2205
1950
7402
8792
267
11404
7420
307
10494
11657
4278
2003
280
8461
1671
8150
8370
1052
738
3748
4668
5872
6500
9091
4312
8100
10771
9584
409
10799
6421
9830
6585
11433
7767
7625
637
7918
11230
2573
6105
1049
9087
11448
7432
5293
3212
10200
2694
5381
7154
714
11461
10024
9729
925
2406
4280
5499
11837
5653
8718
9082
284
591
8492
1186
11959
5072
6832
4598
11201
4364
1125
10032
8576
8159
3932
4843
3957
7170
3710
6046
10057
5518
915
10896
866
11086
4349
9515
7401
1424
6242
6591
7423
3566
4540
9144
6496
4210
11225
10671
752
2277
198
6688
11198
4719
3425
751
9137
8704
3433
7492
4508
983
6200
2035
7426
2196
10625
11352
2167
10311
3438
685
4129
1133
5344
1132
3942
944
7560
4789
2979
4874
3673
1560
6913
2465
3786
2829
4766
5163
8458
7602
8062
9120
10764
4588
2247
6665
6052
4869
10447
1237
8567
4394
7919
11302
10094
7453
2266
4903
4136
9660
1448
8066
3866
5624
1119
5073
3192
4598
10570
977
7777
6814
6731
10293
8678
10069
2237
2853
9527
8297
8476
6191
774
7457
7825
9573
1482
7002
4967
5932
534
1522
9189
8501
832
10871
8025
775
10186
8120
3361
5744
3050
7182
6311
945
10146
7734
