3810
8100
7161
7368
10886
7585
11617
5285
1422
1507
1197
828
924
364
5731
3757
9909
2029
8719
10250
6877
394
4449
279
4935
11468
10288
6814
9260
7426
9046
10162
3590
10084
9983
11901
3292
11569
1054
5356
2274
9671
7452
11476
7116
435
8226
6211
10282
992
2007
142
1123
1461
2333
3118
619
5963
7061
40
5403
11324
4573
10706
10602
4043
8211
10754
1381
3392
9388
8255
3794
9219
5244
5404
6683
3115
504
3006
7808
1032
5393
7096
3276
8284
11959
47
1549
4053
6111
6899
9934
2084
9952
1421
414
1239
8672
3520
5068
9851
10280
4166
11018
5578
10906
3855
8983
9470
9178
5916
9982
5467
2342
6580
1586
326
4354
5774
8340
6213
77
5957
2616
10728
2010
3102
2089
9118
10656
8036
8423
6741
4656
11913
8465
532
10265
6403
10357
4330
1506
3532
6456
2323
2531
11667
10803
5754
10254
5200
11122
10169
225
3853
3920
8118
6033
9291
10261
9110
8171
3862
11118
11020
8348
10813
10963
6762
3654
7184
333
1197
11776
1876
2614
3630
9617
6024
1135
3111
1242
6776
5876
2943
10958
5029
10729
11379
7658
4388
8209
9418
7212
10762
8879
7982
6725
7536
9473
5388
5924
2127
6820
6170
6694
8002
8148
3712
3996
11884
10188
5983
1885
2851
1748
3892
7327
8458
7031
1312
11758
8752
5933
4810
10017
2185
10933
1422
8335
9955
3909
2516
1453
11185
312
8861
5772
4601
4633
481
565
5031
5921
6668
869
5036
7379
2755
11544
7381
1623
10818
8326
6809
9223
11417
2332
1744
459
6807
5536
4005
2970
4777
10165
7565
5084
310
710
11608
95
7732
1484
779
4595
6840
9137
10556
8229
8692
4493
4028
8808
310
1370
10156
3739
8518
3671
2700
6035
11437
10139
5537
2957
9874
532
5958
9394
5908
9788
6808
2595
10431
11938
10953
11719
3222
1024
7602
6898
6331
8241
3359
8098
133
4788
3666
2082
3341
579
10437
8088
9622
8040
7174
5601
120
9594
9771
10677
1311
3251
5440
8794
7015
10897
3869
2003
250
2396
7693
6453
10809
3552
9785
2905
3984
5265
2596
9869
2853
2894
3948
4348
4843
859
169
2886
10985
1965
9355
3753
11360
11692
10804
7533
6676
8880
11315
10303
1743
1786
9027
8753
5814
6394
2904
10250
9327
154
4688
6808
550
7006
8311
6287
2925
2574
11254
876
10637
7850
7236
8015
7998
9446
3865
10404
5664
715
10531
9574
5572
8530
10837
3769
4629
3458
231
5456
814
2365
5282
2771
2254
10122
2173
2579
8199
3163
10502
10532
10486
50
10350
1640
3188
4970
7858
1328
2573
5303
1190
7818
1324
5903
6749
9912
6176
10663
2926
1847
8699
251
3412
868
6905
3525
8229
9541
10678
7235
2180
5545
10725
1980
1265
2779
831
2233
11895
9125
4635
378
1377
4033
6975
3259
5133
9358
2057
2672
4527
1453
2260
4493
10918
11523
2352
4840
6700
4588
217
3670
10603
3155
8877
6678
8420
9761
11686
1103
5573
3090
1015
4266
10573
7161
554
7163
4464
6367
10600
1399
2680
8702
2215
1992
4552
9546
149
9289
7818
6680
7686
10255
8991
3976
11332
6816
11351
4289
11285
732
4571
7567
11102
4652
11630
10041
10813
7533
7672
4612
5896
11528
1866
11124
4140
8748
1078
2210
1344
3958
7305
3769
5135
1321
7325
6821
11898
3714
4919
5645
8852
5944
7266
3524
3805
10341
11758
2352
6894
2772
3502
11503
5850
7017
7138
11048
887
5754
3381
4322
1277
9059
4850
3251
966
6378
11202
2527
9334
7349
6548
7880
11221
620
2329
1128
11842
10014
2498
10570
6999
3907
10867
9509
7216
4616
8845
302
8002
9879
9574
4300
9368
2186
1594
1415
6097
7755
7689
6775
3903
3369
6450
4024
1755
8088
3339
7316
9035
5996
6710
8910
10053
5726
6203
2482
7648
8374
6369
9913
8143
3755
1101
5244
11915
1585
609
3892
3130
9233
2181
11921
8907
7104
4853
1276
6263
10506
2382
8371
6603
3017
8548
1279
2379
8914
9826
4985
6735
5153
10847
6805
6499
664
5841
9015
9883
8408
10378
1103
2522
11684
10255
1814
5235
575
4240
3208
5917
3252
10658
3498
8454
11969
6442
10225
3361
9190
7287
10610
10050
11140
2911
9498
5207
4424
8218
3304
11696
11980
3274
6711
5751
3707
4524
5623
6904
4513
4572
6965
9173
4308
6090
5396
5481
8674
9082
8887
6111
1443
5728
11310
189
1358
1410
2809
4769
8278
6303
11711
5035
10057
9044
3065
7484
3267
8497
10663
9601
9361
1521
3459
6684
6647
3923
7830
8850
3639
10391
11940
5143
10869
9236
7716
6818
10177
3147
11549
8471
8779
11921
2814
3629
8091
7288
9657
746
6328
1429
10215
2229
5294
11701
4575
1223
5623
10338
4213
2296
6825
3514
1551
3035
7110
9200
10466
11711
6828
9604
9222
5801
10676
5755
6249
1043
9491
2937
10562
9085
10489
6180
6353
5448
3227
4898
1364
4600
5354
3048
9171
5419
7403
9790
320
8099
1386
1664
8527
798
1911
8677
9730
6869
10802
3452
3779
11479
8881
8737
4896
1745
5628
69
3768
5215
10825
7300
9248
1576
4110
10911
11124
7968
4518
2741
3237
11050
2636
7687
519
7204
912
7405
6062
7820
8961
4732
3373
5562
368
6727
260
3830
3530
8732
6591
9334
11519
3727
8214
786
6699
4532
11856
3145
5052
3045
8627
674
654
693
5040
1293
8709
7699
8004
7256
9814
5486
8275
5140
797
8722
9189
5472
10529
10973
6219
10993
6514
10864
6017
4655
3856
5868
9091
11889
383
8521
4100
6493
223
4832
1993
11714
1089
9073
10829
1654
3766
889
1082
1070
4020
11790
605
6002
3144
2624
8138
3309
11804
9489
8376
6314
2628
8836
6069
2173
6147
11109
3500
435
10255
4330
8903
9440
7254
2378
3002
7780
10850
3501
2818
6014
10150
4736
10262
1113
2713
3395
1748
8872
10182
11705
4177
1521
11759
10916
116
3298
9002
4848
2854
5505
11925
11849
4249
10811
3337
2525
880
4113
7620
4374
3008
2232
9829
1580
2198
9036
9033
6737
5185
4286
2249
11168
1668
3578
6081
11758
10221
7182
389
8860
11324
3447
1811
7840
9783
3581
916
223
2404
7258
1033
9157
749
377
7486
6039
9184
3697
8995
4691
5149
3714
431
8321
7663
1248
1897
2787
11611
4659
1292
9325
1151
1415
2027
2898
7857
7958
6516
707
3807
7365
9333
5202
788
5284
11601
3006
172
6896
222
3747
7724
1417
1987
2622
9737
3674
3369
7808
5323
765
6000
470
4609
5644
1361
7120
5746
8645
8133
5466
7308
2549
9948
3668
597
8765
3965
1031
2743
3467
5703
7696
8207
1305
1023
11774
9426
4296
11905
6612
6779
9035
872
4540
9952
10112
7416
2459
6971
9887
735
8976
7811
307
10364
630
4443
9401
7942
5803
561
3450
7434
3491
11928
1469
3502
9960
10429
7772
2547
5581
1361
797
10095
10787
4364
211
5738
2078
9628
9514
2782
10430
6607
9933
2021
1180
4465
11339
3733
8629
1818
11257
3050
10096
10076
5733
9255
1065
9805
11890
11354
3296
10984
1461
445
1442
7907
7415
5960
4708
7705
11979
3733
4468
4073
1942
1197
10536
749
2079
2633
1914
2683
9843
5465
10347
6522
2195
8997
10916
4171
4492
9791
7137
7672
9816
5055
4704
2472
10950
6937
4
7414
8407
10557
10908
7367
2483
8891
4144
398
5269
4298
9642
1755
7868
9508
5805
11646
4765
8332
10506
10903
11390
10117
4893
10128
4321
10168
6714
7726
10457
881
895
10509
7633
1250
11477
5134
10757
9718
8787
7612
4502
5003
857
5509
5872
9560
2609
3159
1715
6772
10228
8337
3281
5770
11368
3316
397
907
10539
4063
5664
4500
6947
612
10248
1340
9539
5199
3439
9786
6690
4759
2102
8907
10143
745
1439
8187
338
9927
3217
3742
1100
10965
9669
10754
9983
5026
2722
10030
2150
2554
3053
9131
6712
4541
9641
7404
8829
3269
2092
5590
10622
8448
8923
6308
9106
2040
9365
3784
7860
6796
7888
7598
7005
3633
7782
6025
5383
3456
8524
1696
3405
9893
1526
5882
7090
626
8044
9578
7181
2633
11587
3896
10005
8607
1139
2915
8851
6195
826
5205
2189
4418
8332
11634
7911
10746
6489
8879
7043
5781
1871
10224
8028
8350
5077
1764
5675
10043
11571
5068
5258
860
9520
8627
4019
6553
38
4101
9464
9683
1550
1404
10345
10070
11685
9095
10110
462
1217
1340
3873
5730
10967
5858
4590
10716
2456
2832
2123
11132
4262
2661
6285
3497
10630
10752
1706
8070
10814
2169
496
5104
977
6068
2204
3484
3155
11189
11442
7894
3872
5542
1824
2159
445
3526
2488
10257
9839
316
495
721
9130
6240
6778
4772
2219
5169
1077
7479
359
2612
437
4625
8435
9257
2354
11669
8567
8100
5530
9308
3755
6121
4493
8626
6658
6601
928
5659
8495
7764
2622
10453
8200
1291
2273
7288
2566
10595
7215
10718
10061
5374
3203
6439
4303
4039
954
6733
3907
4998
1009
3321
3480
7597
8728
5964
11973
1665
8904
4980
5456
5174
4453
6110
9551
4421
8060
8728
2350
8455
5385
1410
7591
1117
11610
206
2180
4129
11588
10710
7860
1051
7755
11104
9892
10766
3235
5856
2064
4272
8177
8598
1182
6135
7419
5935
9363
7863
10911
3550
5062
4760
9136
5942
5698
6475
1862
11510
6056
4520
117
11386
9360
7436
2117
7577
3985
4082
6180
9410
2206
11705
3259
7161
8232
7958
8778
9959
4957
10991
7810
11686
10428
11003
3404
5537
4004
6321
11022
5299
6475
5129
8539
1116
6128
8353
3149
11612
9822
6046
9800
4734
8564
6740
2390
6534
928
4818
6981
4322
10840
6833
11685
2245
826
4040
10625
7327
5795
7027
11504
8344
3706
1423
5842
6657
10215
9036
7834
11227
10448
2592
5
3504
6492
411
1523
7752
28
3889
10019
4600
5745
7582
138
210
2702
8980
3834
10432
1814
8725
4541
6680
9910
2064
5863
1985
8548
2761
1325
11793
10815
7474
2980
8548
3821
5766
7297
1966
4390
8479
10783
6128
2677
1103
11175
4135
6988
5070
2773
11027
5053
4572
8677
2061
6310
1543
8137
4125
10471
865
6166
3226
7693
5654
2800
8412
7154
2632
3025
4393
9641
4169
1420
9325
1956
6453
1936
2848
524
2582
4995
10424
4549
7007
3239
11405
11356
3815
1758
3971
2289
5751
2527
2190
10592
7686
6026
10939
1160
1378
1671
7266
5847
7949
2685
16
7255
385
10429
7148
470
2698
3973
2140
6176
5016
6821
9248
7894
937
8232
8111
807
10901
7432
1293
5680
11103
1314
7839
2864
1673
5830
7783
2177
354
299
4760
8650
2866
8256
506
7729
8402
10199
9974
4434
8393
2765
5187
5335
2708
7334
11654
1880
3892
993
5292
6698
809
6024
2270
10943
2250
6710
3056
6575
4602
4303
5171
4660
9584
8343
762
11363
2361
3299
9082
5249
11001
11641
4335
8822
9299
9962
10051
3950
8404
11639
10286
881
457
7819
3403
6016
1667
10112
59
8425
729
3417
11242
3286
11462
7677
4824
8009
11814
7127
6048
3759
5034
10725
6766
3399
10896
1992
1920
10593
9230
343
9919
5876
6844
5275
6
1940
2071
5409
4581
221
10728
6389
5674
2061
5170
5030
8371
301
8458
11881
1964
1112
10280
484
9969
1176
2332
11138
6872
57
292
11858
4578
9658
11290
3485
9010
4102
3956
9530
1169
2235
6683
2357
11193
7088
6634
9690
4549
10285
3338
7201
6496
256
10381
2052
2290
7500
727
8799
2332
5811
11652
4943
1591
9447
33
665
7087
6711
3927
5937
8085
6181
1909
8201
4879
7086
7551
5197
9669
11838
728
6280
6967
4733
95
9714
7390
2125
6123
6924
7367
8084
7520
9598
6430
5632
5609
1758
9227
5090
7461
6606
3247
5890
1085
10899
3492
10430
6901
65
7911
10086
3024
963
423
8473
11558
6383
11686
7372
1123
1860
1507
8408
3270
11288
4906
10681
5241
11042
6305
10972
8669
9008
9186
6971
1394
8883
7789
1196
9454
9522
7018
3821
6624
3861
4714
586
11548
6084
2806
3307
1523
5212
2571
11164
5450
6181
8370
1065
2228
3733
1661
10792
9059
4092
988
3483
8658
8394
9855
6204
3286
4231
999
10921
821
9447
565
9154
5742
3433
11035
1899
1954
5696
3490
8121
2792
11372
5913
4173
2326
8591
2674
10979
3294
11261
9250
5604
8475
10836
3425
9059
292
6027
7827
766
5686
6170
8650
4025
1980
10117
9766
4199
8516
5995
8134
1982
8227
6118
3564
8230
5143
1527
3332
2248
3958
8355
10024
10292
354
3137
9208
11197
7692
6646
2136
9656
4955
3555
1666
6606
530
10373
10948
8495
2414
2617
10131
8926
7895
8065
6489
7216
10518
6208
5811
10897
9315
8631
9769
10964
10857
11096
7210
11925
2546
9453
6924
7232
1918
2310
11411
10656
11343
3474
7537
9493
2596
4744
10696
4150
9157
8481
4191
786
3910
5659
9046
9094
10072
8745
1298
10154
1729
11746
4061
3467
5270
2177
8251
5888
6304
3431
10852
2080
2322
1202
2943
476
11392
8097
3455
2414
7606
6487
6711
9182
4788
875
308
8177
11140
11727
6731
11185
9040
4705
7336
5004
137
4637
4935
5197
165
8311
3204
5719
6577
4334
7481
2475
11145
7782
10266
9581
5079
10284
11822
7156
10014
421
9774
10939
8395
4971
3439
838
9319
2535
2883
3717
2802
11474
1257
11321
2769
9839
6003
3144
4691
6121
1817
436
11854
2152
44
1163
6670
5386
11235
4888
230
1039
106
2930
4444
1205
8999
7019
4690
92
7143
6835
10801
9883
2655
11433
6483
10512
2179
9454
1982
10768
11423
2391
5804
11659
2590
11863
8741
9851
11791
11900
9248
7253
11022
6742
3379
10479
1137
3426
3013
6888
2478
671
5071
342
2426
11137
11657
7535
2132
9059
761
6913
4021
5623
9210
4712
9408
117
1931
509
11667
3980
4433
5979
6872
7306
8546
3142
8684
9217
1015
10441
7493
8670
2461
8342
7425
2882
4516
4930
806
2483
11597
4111
6035
1833
10849
6528
9534
3638
1174
10195
3571
1092
10091
4122
3212
185
11304
7824
1520
11681
6431
2635
6361
8448
3240
3118
6763
9379
10046
4641
9761
8151
7579
313
6038
9312
7697
6995
4358
9959
6704
11978
4942
4302
5855
9188
4375
6863
6784
8415
11523
11902
3139
9072
1147
7838
1611
11382
3507
10026
3875
638
8249
7184
1573
343
5203
105
7567
3519
1451
9974
4070
10393
7150
7691
8073
890
4051
9046
657
47
4524
1429
3296
1429
7131
3935
11223
6048
1379
2318
7168
24
5290
11190
6491
1384
10754
10181
10746
10886
11386
6484
3148
3668
11696
1273
10197
1748
857
5946
6888
73
7250
1943
6477
4813
3136
5131
9681
1968
6457
6270
4507
11140
8741
1061
10547
5455
8409
602
6631
2114
11564
1739
8153
8960
9406
919
10163
6698
4911
2579
506
2048
9275
11927
9810
4117
4846
8168
6060
10658
7871
11831
8781
10670
9376
762
3520
10895
9836
9688
9365
8310
9037
11978
2647
6578
10640
9264
4783
11698
11411
1059
5358
4712
11972
4331
9113
9375
9138
2171
3417
10033
9505
1309
9073
9746
3958
10126
6019
6836
7098
8187
475
5523
10334
978
9557
7223
6481
3636
11132
9332
1202
6887
4875
7964
8459
11242
3031
4118
1400
11700
298
1132
4694
10779
5544
3055
9311
646
5737
6692
2106
9442
6507
8604
6283
8590
10180
2209
4940
10968
6931
11416
4356
2246
11835
11850
2547
7553
172
4728
1856
10787
7255
7854
1924
2509
11323
4943
7397
10269
4724
635
3062
2561
11665
58
7838
6289
10200
699
10155
5715
5937
2605
10744
6294
9119
6539
6696
1627
5244
2796
6894
7982
6357
7685
5533
4376
9391
4524
1389
1188
9638
7077
11916
8581
5448
5898
901
7709
696
9936
4588
2779
4328
4993
3611
6458
1479
1305
6955
8969
8194
6476
5387
2393
9698
9429
11407
280
8471
7779
2747
8636
1013
7147
2809
7642
9283
6507
146
2195
6158
6468
6225
9416
2091
1727
8148
724
10297
8506
2920
4893
340
838
10018
2733
913
1940
5684
3568
5909
10666
9290
4676
1518
2178
11524
1146
10165
6485
9846
11337
3493
6385
8776
4166
3407
7605
11070
6933
11346
6565
2676
187
5512
7229
7603
1359
11687
1850
2446
1449
1568
11227
10269
5000
3220
2181
11938
4937
5292
11512
11693
4521
42
6547
8874
2762
8039
10685
3186
3073
7552
1954
8750
11785
6188
1625
8419
11318
9269
8302
426
10409
2709
688
6446
10714
5847
5330
11466
9456
1704
8198
3626
9465
6588
811
275
7050
5719
889
977
2571
8756
10168
7062
433
4628
3985
2522
10389
2980
8678
2701
2637
7881
5569
9164
1140
10044
4438
5517
2920
6917
6942
5654
9769
1371
11267
7054
4910
9533
1612
11169
587
2479
3710
6868
3358
3012
2610
3078
8124
9729
11332
3395
3433
5805
788
6424
1601
1644
8444
6935
9483
10562
3785
8679
1449
5096
2465
11807
9173
8311
8321
10304
7306
11676
7072
11716
5934
10581
1496
8682
7894
10523
9319
1377
11635
1264
5765
3957
10217
10920
6886
6456
10406
5020
5268
10321
4491
2948
2647
6852
3535
6010
2167
11319
234
11506
2711
5390
8352
5766
10691
4687
7931
5978
7124
4961
7030
7986
3533
9297
11699
6853
9386
8152
227
9058
8284
5744
5384
1603
11976
422
11481
4101
2587
1119
11486
5089
8034
863
11286
9330
3651
3523
5368
2830
2397
3603
8776
8535
6833
6862
6143
10394
4132
7883
9925
10470
6938
5477
10668
5237
9769
1871
196
10960
2908
1149
2082
6268
11378
8244
4564
4505
9590
4024
3289
3449
6678
2602
4820
1193
7232
8019
4817
6719
3353
10745
1091
7709
2398
8241
7476
6541
725
9870
3491
6251
4959
10969
3241
1372
6985
5728
6833
4126
4845
1752
8764
10352
9132
800
4314
1850
11220
8166
4961
4500
7803
3519
3095
6525
3753
771
11079
4732
4155
3605
7714
4311
8668
2831
8671
9978
8991
9545
229
768
11222
2324
9895
9708
3277
7280
9033
891
7315
6800
3576
2159
10241
2121
1256
7604
7869
8642
7425
2564
10216
8979
8673
541
4672
3250
1864
4671
8400
2910
41
3885
5359
1728
3864
5857
4715
1063
11794
7080
8177
6598
2219
5135
1914
6052
8005
9202
6241
6092
6684
6340
11138
11810
11550
4792
5926
9578
10389
1807
5068
11969
7387
7945
11074
5658
3967
10819
11861
1812
9876
10449
11702
3483
2794
10141
6030
3843
5057
783
6853
8847
3791
4923
11456
6030
9821
5750
10299
5582
7184
11274
6681
4755
873
11566
2730
3829
1662
804
5677
11529
9432
8184
1137
3707
6345
4431
6248
5510
8580
7654
11032
1945
1990
11749
5240
8883
3175
10320
2188
4014
6849
1255
6736
9128
3266
3656
3580
7307
3614
7726
400
7252
8914
9511
8181
7917
2852
4057
10151
6002
5357
6604
5299
2561
3375
1839
4326
7128
6429
2022
5120
8188
8941
9988
1523
5734
7161
544
7130
4831
11733
9715
1273
8758
9486
7584
11090
10236
21
11134
7730
11644
11961
542
4233
5828
2434
7808
9547
2234
1449
10367
5359
552
4262
8530
10106
3945
11651
2124
9493
6137
6220
4626
1274
5260
4444
2371
3784
332
7077
10099
4863
9595
4920
129
318
5667
6591
2880
8960
10583
65
3250
10508
6265
8159
6514
1298
817
1989
10986
8740
4283
3609
2554
4849
5106
7633
2542
7953
4497
9559
2976
11799
292
9883
8417
805
6604
11752
2899
3082
6665
1993
10336
3118
3768
811
4918
3650
3030
4262
6555
7263
972
9812
9344
6643
4480
867
6351
4161
9716
7110
11634
10632
8901
1791
8488
7562
2600
4843
3337
9115
1280
3749
9444
5292
6360
2526
11821
2423
3847
11057
6226
5124
10880
157
1100
9224
7098
4345
9531
9951
10746
6274
11051
9788
3764
42
2087
11934
6874
5358
3311
8181
2738
10568
7939
2291
2773
8029
1164
7575
11054
6129
9504
8413
8973
10437
9704
7823
10913
6069
4173
4953
187
4285
9577
5500
9851
10665
3261
4596
726
1899
8594
3550
5057
3323
7112
1140
8745
7762
6519
4737
5916
4068
5139
4603
840
2949
7321
2058
9807
2262
4616
2988
9557
11863
191
6295
9208
7479
10996
409
5360
11718
1622
9871
3160
4444
5571
8232
1594
172
1842
5198
1123
8966
5261
908
9
11538
9913
10666
10295
4787
4335
7172
9369
7004
10769
465
408
268
8852
6277
712
11264
10510
9401
11077
2833
5627
9934
1794
7003
1240
2880
5741
91
10518
5634
8278
1642
3752
5233
3224
3566
7824
4025
4201
11777
1340
10559
994
9947
3600
3998
3271
1723
1063
7239
11147
1782
10683
4191
1546
7593
5732
6322
5158
4546
2215
538
11035
9329
6927
2927
10469
3994
5486
8571
10772
4111
4350
6852
4939
10728
6861
8126
2905
5560
11788
5552
2208
9895
1613
11138
4355
8165
1007
1660
4036
4945
9447
182
11582
7349
1865
6224
2637
7361
11520
4450
3016
595
3926
3836
3083
7291
7740
6820
10684
6065
3903
4811
2808
11002
158
2694
7604
6120
6194
2608
261
6076
11238
6288
8464
2168
2832
5644
11761
6266
8803
7020
4157
10266
10135
3692
6591
6950
8463
1704
1705
9896
2353
8016
9393
9080
3308
3180
127
5330
5613
7437
9890
8571
9676
1094
11786
2017
6451
9477
7004
7041
4783
9462
1783
3403
4244
2774
1401
6822
3016
2720
4916
4616
11819
3928
5515
4165
4689
916
10783
10430
3545
6955
11100
9573
10054
3711
2545
11933
5213
4514
1355
7163
6361
3885
9919
3322
6988
1091
1668
7993
6779
1986
3941
3245
7728
1303
10026
7279
6949
6827
4033
113
9991
7490
11139
6406
3999
9477
2947
7800
3989
3780
5330
11673
9781
5434
2104
1165
5823
2786
10220
8691
5165
10648
8901
7795
2271
6118
8279
10341
1149
8053
6511
11421
5433
8869
8276
3238
3617
4311
5736
9398
3538
1262
7669
4597
5514
7396
3462
5698
5197
7614
6001
445
1254
2738
11244
11820
5406
1802
6329
7088
9142
8553
8599
11040
4596
9398
4746
8758
6624
6071
2518
437
11024
1642
7039
7363
10146
11300
5776
101
7804
5427
6527
3264
6433
6028
1564
5951
878
4470
4128
4990
8968
706
1003
9591
3211
1844
10704
832
485
908
3082
7607
5523
5024
10730
8216
5266
29
5567
9758
10851
9651
1329
7796
10031
3889
2426
10448
9226
1151
7727
4174
7236
11922
2324
10924
11774
8413
3170
2183
5552
2624
9726
2621
2540
6668
353
2639
11348
9922
9162
5059
5317
9768
8404
4499
11955
8140
8193
2733
9795
11016
8475
3334
6510
10245
5636
411
8312
10732
7982
3050
1197
7023
6584
11251
1514
11716
8545
771
8646
1878
4774
11181
2214
10797
1668
3813
10327
2910
11849
3944
9749
5614
1220
8655
11701
4959
58
8239
2141
2831
4744
6859
10951
9270
11945
9380
8337
4929
6662
1822
5071
11466
9572
4892
1851
3772
9399
11319
4122
11489
10821
467
8083
98
5502
9730
3447
6192
7327
7701
4628
11121
2773
6894
10643
245
1580
2038
860
7412
11481
7496
11086
2027
11756
6337
2096
11226
11691
5917
10804
10185
3806
488
10633
3457
5760
6476
10503
11525
1376
8493
2955
9375
52
1960
7531
1899
3069
9450
5407
4345
2902
2402
5587
8780
11632
5835
9635
3669
8902
4987
2963
1182
2595
9529
90
7746
2527
3052
5130
7592
10904
9004
8879
4709
5174
3055
2445
9609
1118
8074
8286
7716
640
9479
792
9930
5689
1666
6236
11067
9101
560
3950
4390
10894
8998
5007
4319
6629
4779
5477
10693
8954
11608
2493
6562
2298
7033
2918
9534
1891
6649
2303
2050
11932
4410
2131
4769
9666
4873
2009
9328
6521
6483
6517
4304
6153
9724
3819
3055
384
6057
971
2390
9485
4960
10990
10679
3093
9279
3328
10971
4330
5234
271
1141
6230
1041
7125
10784
634
11048
7670
1776
11006
591
2451
7862
8386
507
11847
6592
9806
5282
702
122
10944
9288
10424
10085
5689
7370
4030
9709
10478
5253
3523
11778
904
7799
7279
3765
6065
11126
9800
7636
8458
1875
3209
9294
7999
7657
3311
11556
11797
10766
812
10804
2847
4685
10470
9074
4626
7749
9497
2386
2807
10537
9422
480
5941
11110
4967
4904
3907
5181
9109
5513
8292
6644
3563
5982
4610
1537
4348
793
351
1654
2878
11435
11347
6401
10188
4182
3803
11387
5452
3841
8540
7370
9875
7228
7642
9815
9319
2908
5662
7215
1697
11872
9881
11699
8224
5315
878
10109
9014
10597
7752
11840
11303
4703
3810
11141
4782
4173
8428
2456
11010
7476
10975
7526
4846
10187
3324
4592
11105
11097
10456
4955
11314
6518
8004
4499
1492
10543
11323
7474
6304
8941
8773
888
9700
5589
389
6350
7366
5015
7968
11994
1810
8604
7812
10318
6863
9446
3016
2372
8627
7517
10113
6642
4625
5079
1300
4330
3883
9634
2152
9415
10159
4710
7876
3948
278
6977
8602
6515
1720
3864
10093
4575
4156
6811
472
3636
532
5742
10161
11753
601
10039
9234
6827
1469
2484
3713
10471
11769
3129
2084
3942
8480
3928
9410
8676
10232
8254
8898
8449
6057
4042
5634
7976
148
11307
10426
3995
1050
6196
5315
5427
6045
10468
266
3162
8123
3444
10944
1361
16
10996
173
4833
11138
4992
2811
3150
5126
10919
3241
9591
7782
11020
8524
5843
3826
1283
2518
3574
7718
9038
4844
5588
3167
7647
1579
4196
1561
7934
5898
8772
11619
10489
2631
179
4988
8899
10802
2788
9283
5187
6677
5297
9255
7396
2752
1362
8300
9267
3286
4259
8445
3339
2625
4357
3251
7565
2538
4162
717
11669
3134
2972
10340
8998
8658
11925
7876
8479
8588
8267
1169
7594
5909
1129
4551
2875
311
11928
7892
3478
6293
6690
11271
7745
10746
7198
7542
2459
7582
8778
8747
9592
315
8896
342
11910
1257
2414
5659
4624
2063
2440
3782
5605
4877
4154
7223
3255
6146
6806
11269
1184
443
2299
6868
4203
7203
7333
3137
920
11292
4033
6293
2348
4658
9312
4831
5462
1066
11929
207
1519
1002
10257
10038
1216
1324
5234
9062
6399
10106
3808
9580
5054
1313
4357
6061
6694
6601
11166
9867
1002
468
11983
7738
5765
2379
6989
11687
2596
3180
11238
422
4873
7262
5677
7155
9563
2377
318
1864
1221
5889
955
7597
2517
1471
10013
8332
961
1851
6694
10186
2324
7206
5544
476
3339
3147
5868
6104
7815
973
9134
4248
11149
5986
1591
4044
524
7118
2736
2183
5668
996
7148
9846
4115
7803
1341
9336
7245
4872
6931
2058
9175
8968
6286
7166
9711
3531
7225
6225
9039
925
6982
7679
11794
7795
10740
1693
11327
4156
10495
7101
11695
5677
3831
9746
860
9839
9381
11412
2007
6291
322
6843
623
11656
5221
7002
5146
1449
8843
5780
8461
4444
4257
4776
470
9991
9628
2556
10156
8209
565
986
5249
880
5668
5747
8587
11073
1181
1095
10666
10135
163
8182
11618
3693
6604
3965
5017
1619
7180
3723
8398
4694
7091
2675
7283
8757
1447
10937
2752
3668
10178
1252
1248
5205
4202
8466
7313
3291
9842
1626
11326
11541
1019
1890
1095
9087
2718
2094
284
7
2533
868
154
10412
3814
3602
4018
2354
9989
377
10023
11180
5120
11125
9564
844
10527
2823
3590
3892
3558
8466
9507
1446
10139
834
11087
11513
11673
7742
8974
7273
7211
11525
3870
741
3498
1880
4364
9322
4567
4045
650
1216
3022
11402
4000
6542
4956
9178
11861
216
9665
11807
7876
10291
9879
6825
4823
1385
10194
10839
10663
3227
8697
6138
3380
3049
5499
7945
11146
5678
7932
4116
6688
2651
7654
3211
2272
9534
9690
3467
2817
4864
1676
10081
2977
10719
7116
9506
7835
1929
1419
5155
3954
2274
7824
920
4067
5753
8001
3358
2559
9116
3192
4170
2175
10331
6217
5778
4993
8506
8481
8341
10748
6027
5331
2476
8959
3274
1668
234
68
2258
1688
11559
6959
1862
11935
6493
9721
6144
7558
6810
5394
10205
11728
8565
736
3654
5638
9183
9644
11533
1306
7300
3905
4804
3633
8446
312
9103
5709
971
2979
1447
6337
8285
780
5935
7056
3521
2391
1214
1637
11144
3269
2591
6115
4835
188
4142
11863
2126
3567
1038
2033
5833
9850
7533
899
6222
1594
5648
6191
167
1649
7606
6493
8188
7989
3379
5063
5349
9242
5477
6163
7359
3863
4192
6036
9072
2150
4011
146
2687
7934
9735
3087
11549
3814
9109
5797
6324
161
9353
2261
11650
1882
3956
8864
7013
6106
9474
9848
3638
4409
11792
4057
11623
1144
9402
9203
6310
10641
5754
8347
8088
4734
7580
3119
5322
4053
3315
5390
8072
5898
5361
9676
4511
6316
1900
10532
6649
84
2341
10488
1006
5856
3193
4787
11287
597
4285
9275
1918
9690
4705
5222
7452
10755
7720
1676
11419
2200
8139
2181
7101
5951
211
8224
3991
5524
1102
752
5395
1787
6390
1415
10657
7228
3707
10901
9897
11459
8780
4774
3982
3943
10623
1716
9570
10556
7444
8865
2644
4625
10104
6155
5869
6454
5537
142
3368
8122
555
1734
3224
470
10775
5581
11025
8707
180
11579
3202
5947
1894
11005
8693
2264
257
9260
1659
457
4130
10026
470
4788
7587
5821
3170
5266
772
11532
10843
1875
661
4447
10038
8260
10836
4629
11408
2868
11105
3172
6168
1491
5908
2971
735
4343
4929
1056
7124
11514
2194
5395
10178
6595
9148
2254
10647
3693
6841
779
3429
1802
8302
3405
8935
637
4553
4056
604
11538
2440
743
10991
1959
5569
5295
4668
2303
9102
8377
2322
3501
11043
4774
6991
2752
10854
10144
300
9224
6867
9971
3832
5278
8917
10463
6470
3914
3994
5387
6547
5642
10438
4613
8106
1893
2295
5136
7320
9302
7955
3858
4320
1890
10017
1203
9216
4123
598
1830
11003
5261
1863
7317
4347
10146
1571
11607
1914
5718
1763
5340
2948
8071
3466
5905
10203
5736
11373
105
3170
7139
7961
3789
5661
9831
348
7619
10376
84
1429
10350
6012
7849
9436
8563
1734
11816
1035
10753
7521
468
452
9993
10926
7526
10836
7082
7231
2067
2155
1186
6736
4864
6456
5405
8121
7135
98
532
10346
5878
9873
7481
9477
5404
5485
9409
11115
3374
6857
4533
11783
1860
9088
3953
11650
7381
2619
9495
8420
824
9261
2654
7962
4378
10219
11184
11476
251
6120
10691
1496
4973
9259
784
5955
9446
901
4932
10852
2689
11436
8091
5696
10344
6580
6525
5972
5535
482
3923
3283
1542
6776
2989
2601
5040
9040
8137
5258
3251
6996
747
5820
2415
10042
1643
10921
332
1262
11999
10439
10513
11100
11877
21
7605
4174
10878
5064
1268
11499
119
9634
579
1451
4800
1610
11273
299
10100
11523
9803
10996
9930
7078
9182
9126
8311
281
7980
5541
10687
1389
7592
8175
1439
9547
2043
2899
10216
58
5099
987
11348
4597
1348
8899
5738
7527
7172
4539
7031
10606
4160
5020
1708
5932
5544
193
3955
10881
3604
7794
8700
7115
2769
4062
4216
4349
5257
2015
2941
6678
3637
323
5934
2619
3548
8799
4415
5866
6105
37
1297
1889
11135
550
2462
6079
3415
11021
5692
4021
10444
1870
790
3824
87
7311
7331
8054
11520
10464
827
4881
11440
1768
5804
4481
7391
11091
9324
7496
7319
4385
10975
7558
5084
10601
3148
3393
3710
11814
8640
7965
1495
1101
3170
400
4902
8695
10381
7098
4265
1318
4182
1491
5868
297
8025
9310
8838
5178
2755
10037
3549
3056
4135
7368
1884
5665
7971
2058
4701
6522
4956
11455
4240
1009
6937
1289
8980
7284
9238
6994
1560
1232
4022
11837
8942
2417
5355
5590
9826
8123
3715
10236
3622
986
4143
8400
9916
4669
2046
9707
1369
7165
5880
4222
4378
4999
6485
8391
2606
3522
6832
7586
8592
2886
11233
8388
4195
1996
9778
1174
7497
7849
1842
7364
10059
5142
5946
9831
8044
913
6075
11556
11763
11163
6779
8495
8554
5063
6928
1942
1692
7294
2952
5319
9149
441
4743
4392
530
7083
7052
8298
10434
5339
2328
9594
11687
10101
3369
6687
10597
11029
2005
7543
10356
5652
3190
5517
2092
1475
10514
8400
5878
1010
11033
10493
8094
3986
2689
8512
3078
9734
10253
7588
9886
11836
1833
7395
3236
10619
7410
8609
3347
6924
5702
4465
8396
10816
9859
9053
5724
1495
6045
3339
7641
1670
5955
7531
4854
8985
4585
6463
11045
6839
8312
11078
1999
1040
3405
9912
7955
5213
7525
1616
2491
6734
10621
11113
5267
6204
10790
9904
3322
9062
9294
9326
4396
5945
6830
2237
5892
4731
8489
5646
6579
11942
1565
8214
1052
8307
10398
359
7206
2725
7932
8863
8632
768
6466
410
2841
4061
8284
7419
4625
5500
10426
4815
1609
10248
6798
58
4195
9788
7171
10789
6616
10066
4290
10873
7679
4850
11388
2401
5079
7906
6892
10404
11758
462
865
6546
10833
5647
2985
8004
2973
5213
8409
4031
6894
9808
1820
11346
9750
2449
11285
2580
9740
11540
2254
5370
4107
2939
4095
5544
11992
9984
3014
9957
11225
6324
8036
9116
7159
8564
919
2637
8036
6384
441
7856
3124
746
10471
11624
11023
10177
3528
3307
6037
821
9254
3473
382
8096
10295
1519
7299
10240
4537
8660
2733
2887
4454
260
9291
5079
11538
7376
9544
4676
10359
5717
8534
9148
733
838
11446
10061
3820
1490
1952
8317
6661
411
11602
10301
9744
11670
894
4583
5632
5839
4312
4656
7520
6791
4609
7449
768
10876
4019
9932
65
4472
7829
3139
11785
5630
8890
261
5460
11526
142
5214
5962
7889
2144
2183
9092
9342
1817
5124
1689
2762
1297
9059
1227
7342
3762
4245
3044
8896
503
5871
11938
299
6287
11958
2802
590
2151
2458
10303
4314
6335
5300
6304
6099
899
227
5803
1264
1859
4748
7611
9411
2314
393
8832
8496
1019
3676
8359
5812
5293
8790
2255
1578
2864
8032
4741
526
428
7303
6924
8904
3181
1786
3037
6730
3499
8967
3071
3941
10170
4693
7111
6232
2254
4777
519
3922
9626
7913
8305
7129
9664
9263
1609
6781
2302
8050
11140
11719
11803
6870
11785
1124
11112
3134
11254
10981
9549
189
3741
11036
6860
9118
999
4906
8261
4098
8071
8519
4164
2415
9116
2994
4608
838
2325
9361
6233
9038
3907
10188
10723
6098
5405
11223
8192
11879
8339
6573
2859
3130
7225
11759
7609
10682
10479
4108
8706
8962
2537
11545
9898
8249
11708
2705
10558
11738
4879
5631
7284
11431
6115
6952
4479
1246
3530
6503
8980
6454
11506
3762
6668
5675
9417
252
11268
3118
11441
8265
5171
2644
2898
4756
3140
5419
6729
226
2122
7561
7318
5661
10184
9151
5794
8289
6689
9342
11293
4961
2379
10015
2344
2345
9885
2558
5619
11980
10469
8803
3754
1323
11428
8036
7736
1547
6599
3189
8595
2696
3813
977
9674
11155
7869
6677
2724
3003
1775
4628
4393
11920
493
6262
10358
9681
4309
10560
8451
7112
5228
1338
11557
7507
7419
1594
1904
11080
7739
5403
8537
1941
8776
8429
9385
8344
8585
3122
10229
679
8446
2015
9254
7670
6485
2268
7515
1693
866
2711
8772
8912
7550
11116
2557
11079
4240
10292
2192
3431
135
2817
2643
8987
8524
9832
11712
11872
5997
3307
11969
950
2177
11526
6197
10102
9429
10299
9784
6887
837
1486
11599
5123
1035
5903
2316
11107
4116
7568
9993
9719
3825
4415
10899
7572
1666
7271
7157
3678
293
7833
5732
1755
8690
7750
3607
8349
6168
8642
1681
1360
6089
7004
3024
8355
11486
2408
7546
7220
11387
4275
2976
9245
4669
11740
3235
6655
5634
2701
11881
6890
10290
6160
2231
10605
8436
10290
7102
7416
2169
1425
7810
10813
8306
232
4131
11473
508
855
10407
373
10484
10626
1751
11629
4705
8213
8567
11931
11420
2648
3122
6706
4537
8674
2891
10841
73
11211
3701
3823
3377
9443
11408
11561
5219
9178
7917
5980
2123
6564
1791
8608
6912
1151
7535
9949
3501
11462
10839
341
1301
1903
1613
6282
3424
9769
4647
2896
6948
1490
8987
236
11071
3986
7887
2549
7835
10094
3206
3409
10365
6520
1621
1816
11230
2637
2825
8873
6511
8641
4065
5583
5574
6228
1000
1621
4286
1915
7734
559
2576
466
9285
11111
7723
11658
1378
8358
2670
11674
1569
11703
1894
8949
8144
7499
2030
5086
3060
7798
435
2758
2378
2626
6282
10051
8259
7458
5507
4736
2482
6234
7122
4288
2820
11323
5847
6200
4271
1221
979
10255
7242
2610
9597
1889
10222
3531
11919
7657
3294
10989
3569
2000
5063
11220
11947
1165
3115
2145
9629
1082
7108
1206
6881
9364
7890
7808
3860
7323
3761
6032
6984
8012
2045
2060
7195
10772
2623
5919
501
7621
11863
4712
11163
53
610
10407
3300
4429
8461
7542
5452
8106
507
10896
8759
2813
2034
6197
4935
2523
3390
4362
1107
10164
5297
3561
847
2990
4320
3566
6354
4304
3050
9373
3776
7429
9749
36
2012
8468
7774
3899
1145
7335
2050
5128
1752
3909
8197
4455
2855
3908
7590
9464
10200
1164
4737
4581
3757
11474
7777
4034
2013
6043
4755
2654
6632
1790
11499
5271
10423
3369
9533
3746
351
9746
10372
5392
5428
536
3902
1515
6874
25
9227
291
776
7908
10440
9933
1779
9264
3250
10301
3947
4130
9165
1650
7975
1274
4208
105
2276
9383
6640
8780
5286
3840
5167
3098
1406
8634
1416
8917
9565
6681
4140
2504
3237
9927
3737
2166
6022
3090
6070
530
5546
9764
6418
4004
424
8814
9595
1870
441
622
10832
5749
10852
2715
11982
847
11838
2648
10916
5444
5682
770
8689
4485
11107
8590
9130
10949
458
9940
2946
6822
9094
10000
9274
4046
1330
7467
7794
751
1653
11760
6106
1339
1741
10142
2007
8686
888
4978
6660
2757
2012
1093
8296
8348
3262
3302
1211
5460
522
636
9249
4986
756
10697
8781
11931
4130
6738
7401
297
237
7733
1131
64
535
1640
10871
7372
7214
10429
4155
6036
6230
8187
4987
11954
5159
6702
6584
5769
6723
2410
9314
11295
553
10466
4944
3771
4702
7900
10508
929
2839
8435
672
9149
10820
4546
8434
10636
3447
9659
8321
1611
6758
7146
7936
5916
9068
2865
4776
5229
9247
474
7723
2251
7346
1625
4394
6774
6723
8324
4756
10458
10161
420
4001
10420
11284
1094
11578
10441
10673
3629
665
7605
3615
9447
3007
9619
5303
4499
161
3859
7562
10602
11609
5343
6816
10140
9052
7384
6022
8800
6370
9592
1686
7601
6320
7187
827
2487
8004
9244
11913
9052
1443
7563
6279
1772
9299
2223
4450
5145
873
8733
9025
10695
3938
814
6441
6582
7804
6413
1937
11858
10207
4451
7412
8947
3178
2134
10664
5969
3022
7263
600
6841
2833
7098
10536
5834
6687
683
2600
6377
729
1366
6487
7360
3810
6419
1484
71
7161
5178
11668
11101
2795
10076
2579
3185
9887
2204
11432
2905
9343
4730
8066
1560
1099
9520
2341
9203
10365
8754
9577
11999
143
4101
6897
9486
9748
9186
3965
3226
4931
6642
3637
7520
2381
940
9405
4496
11943
2487
3294
1851
3876
7161
2018
11873
7760
6476
670
7127
4391
5009
8173
1246
6046
5496
2909
4814
5993
8181
2646
118
2890
7547
1839
4825
5969
8465
9809
5220
2442
9105
1048
6626
7516
9612
4018
3992
3762
7586
7376
11355
10227
5843
371
983
10803
8709
7488
11513
7795
268
10012
1213
10442
5551
1198
7765
11366
5527
5150
1548
10497
5100
10226
9393
11943
7945
5968
8128
4640
1082
8046
1966
2284
11493
8583
4905
10131
10886
7514
756
1709
4870
4249
5327
3294
9366
5928
11453
6223
9974
6951
10225
659
3319
6206
10728
5407
1084
9585
9937
8689
1440
11855
2192
6466
3044
7877
3733
19
9550
4388
2292
8883
7732
6226
573
5123
3894
10879
5692
8081
11131
6629
4251
3332
6304
314
6695
1530
8285
8883
974
8130
4021
10421
238
9710
2442
5207
6417
641
11982
9637
9019
7356
3681
3475
4307
4239
2364
9901
6299
11409
7318
8233
7576
8195
5176
931
2923
11091
5389
11659
8138
3284
2706
11663
6110
4530
3507
1643
4335
11281
11614
7521
4562
1349
6391
9172
10084
5260
5468
7195
5426
9652
10359
4166
802
4612
5522
1597
7675
4825
8090
3963
6124
7730
10534
4653
3440
562
1944
5606
10487
4246
3411
4636
5845
9556
1141
4117
9600
11773
11499
7671
8888
8273
5093
1920
9881
1061
8283
8116
3928
11212
2195
1588
871
8482
11335
11475
308
3103
4355
1092
5702
5782
2261
10523
664
8442
8578
1714
5649
9
5485
10298
4486
4791
7886
5804
5816
11542
5640
8664
8445
1270
8882
8545
8008
1153
10372
10079
11065
6659
4249
2907
7831
1
4359
9269
8266
10530
7481
7953
4063
3504
11332
4469
5330
7831
8144
1680
11358
9002
3899
6894
1845
4352
8968
2548
10312
4122
3973
4133
5161
3485
9056
6896
11949
3787
11595
6117
10915
1698
4518
8389
8669
8773
2951
5346
165
11163
8825
4683
6706
1747
1380
10039
5685
10936
2167
7489
2148
3705
171
11886
2968
7125
10138
3175
5555
726
10942
5069
8476
1471
11014
6121
7235
9974
10405
8224
2694
6746
9947
1964
6207
4867
5305
8020
6528
10416
9351
921
922
10319
6339
10016
6601
6963
3800
4357
10770
10013
4840
1490
3981
6313
10707
2779
8419
6578
1037
5882
7903
770
7104
6411
6054
2646
3682
3549
3021
7899
5815
4540
1532
9656
7828
490
5748
9758
3303
4787
9533
2377
8585
1716
4208
7921
2510
6494
9720
4036
3614
8937
11384
8701
4978
5383
6986
9986
189
9238
7967
7996
1535
9664
5815
843
9602
8419
10487
191
5874
2772
3807
10999
2714
9661
11254
2519
10280
6890
4423
5446
7457
9206
7661
5320
9844
8440
3988
4824
4070
11702
5398
1615
4433
1714
6994
1617
8876
10910
3117
407
10719
1810
6773
5425
8395
4417
5108
3146
11568
1055
3556
6225
8584
6053
3514
9772
1092
2075
2987
7547
11011
10664
6654
3754
10637
11692
1133
8489
6752
926
980
559
4035
2819
1032
8488
9807
4865
1226
6958
1393
10527
830
3771
10841
11752
10300
5604
1729
3442
4557
7413
11035
1062
1453
10295
9741
2665
1583
7915
10858
6140
2281
349
7020
11373
7802
225
11536
5276
3107
1510
10994
5273
594
10136
6044
11839
3282
7808
7897
9088
2611
11968
11384
6154
7967
5794
5070
11245
8428
2459
4979
2788
6921
5573
6887
11924
3118
4794
2953
9920
5864
10059
9596
10666
784
7693
5111
465
3950
869
5382
6684
10105
3463
2406
5622
5894
10278
942
4066
4940
3966
5701
528
4311
3662
10875
5043
5033
396
9606
10671
2802
7850
1173
1474
2870
3800
202
6757
9347
11802
1128
1752
3739
6274
10445
10682
4537
9035
4926
1270
5027
5730
2044
10293
204
2227
7258
11640
7814
185
3605
3610
6987
9413
4206
2832
807
4474
1855
4170
8391
6198
9744
11402
3649
1317
9725
10183
5873
5409
9107
10981
7677
5655
6096
3148
10517
10600
1360
8201
3146
4194
9008
8631
3826
2852
10448
2224
8982
3055
7121
2843
1201
3268
7022
1054
113
11469
5235
3716
6630
4590
10344
2791
2414
8433
10656
4146
10153
379
6567
9018
4323
2250
6210
8051
2638
7144
6684
8469
9166
7875
6704
953
9422
1881
6445
4176
3248
9986
10622
1722
3360
412
9539
4238
1745
6704
9866
9179
4827
969
2337
7416
1458
3890
7329
8208
7226
425
11492
5696
8463
926
7093
11075
5547
5613
6697
5010
11707
11917
5070
4592
515
1140
1889
8287
4605
1228
10850
840
9892
6126
3210
3988
3673
11281
2589
8074
1459
7288
7008
6324
4256
7526
7705
5532
1242
2787
2179
4306
8383
526
1191
8777
9520
10267
6155
3809
10813
52
347
3273
8160
3502
10825
1820
304
7138
5713
6854
9837
9076
5683
11047
160
993
5015
8754
6672
9517
8518
4048
7104
709
7915
3889
2846
10306
923
9064
2517
8678
10355
8034
6727
7181
4926
4729
9095
5643
6304
2595
5071
1169
50
7812
967
2306
11697
634
4822
7748
7082
7187
6333
11411
8367
8812
3087
9582
7861
181
645
11229
6759
10939
800
9232
9378
6484
7403
10358
9235
5793
10655
5286
11481
9798
10602
2775
6761
2879
824
6304
484
8373
5869
1046
764
2802
7031
8026
9986
10635
4351
2622
8975
3926
517
6243
5177
7046
10395
11151
5037
7993
2442
769
9951
399
9066
9713
8686
371
2279
8927
11104
11683
2545
1910
6295
3598
8738
1970
4922
5732
5469
11730
8582
5909
773
4871
2460
7792
8245
8106
3281
1401
5215
2884
4801
1202
4385
11098
7561
9517
2583
9319
10592
3351
926
3607
8011
4521
1610
3933
1164
88
5960
7554
10962
630
2046
6377
7520
9746
2334
2447
8968
1483
266
108
6495
10970
3564
3246
8219
5611
3252
1192
8385
11502
3011
5459
711
10586
7470
5424
5340
10108
2359
390
7934
9520
10219
6179
4816
2815
8453
2451
1915
576
3966
2424
3389
7622
10535
9473
4375
9182
3242
3301
11218
878
931
11929
7827
5603
632
2725
471
9469
9228
1996
1392
11549
3406
8386
1985
6011
2997
8371
3143
8490
5340
8614
1484
1212
3102
5771
3761
7357
3278
3497
9633
10572
8647
7038
5313
6284
2976
1691
11233
7596
1604
761
5941
10085
9772
7346
5853
2688
4168
349
261
116
2642
555
7197
5909
8894
5469
8265
10210
1176
1761
3492
6757
650
3781
4531
11349
2024
1541
4218
11149
4446
11873
6536
6750
8364
8188
1448
10771
173
1338
7855
10029
6932
505
1114
2981
4315
2905
9066
2121
2168
8253
6492
2416
9662
547
6139
1629
4014
5650
7201
497
5087
10485
3116
2271
929
2362
6010
11985
421
11018
10875
2094
644
11403
10757
2771
8489
4091
8773
4131
8222
8353
5671
74
11332
536
4973
3176
5973
11341
3393
5205
681
11887
10242
342
2743
6188
6006
4086
5727
2714
7018
6074
7164
8157
6347
1681
214
385
10559
7297
10376
2703
7923
9525
3936
10178
9941
9363
6790
2681
8710
2507
657
10669
11732
2471
431
6394
5136
8092
5505
7314
4120
5231
7406
3940
3560
2152
5907
5153
10297
5048
8051
2253
5513
8570
7081
4550
6901
1995
9294
6272
8030
10793
8160
6893
2301
5846
8793
4658
3352
6514
1975
8189
8538
6936
3381
11482
1292
11642
10557
9444
3702
4539
7382
2299
4579
2736
3396
3793
8557
11410
1326
6046
2460
6085
4507
11261
8196
4180
10631
5158
2863
4585
1354
7106
4541
8272
778
7362
6423
8608
3672
652
8463
5010
10541
7532
8655
4019
3238
8533
11339
11586
11812
5053
11591
9521
8635
5277
2832
3575
7568
5107
5152
10490
8062
9153
8693
640
6531
7304
1573
7487
4229
8189
5378
3135
8061
75
5175
605
4387
10296
3292
10248
1840
6260
6766
9833
7547
424
5429
5371
1876
300
10983
6600
9916
10651
7241
1363
5397
465
11871
6676
4621
8146
2499
1385
10159
6531
2989
1604
2750
4929
10962
9970
10732
8342
3336
8829
9766
4325
2649
4005
5300
5658
11417
7699
2333
2073
4504
4294
11533
6732
6710
11514
1610
10971
6260
7379
9062
22
869
782
6053
9013
5286
8286
5118
4471
11928
9871
5780
1914
5234
11868
2879
6767
5820
2216
3527
9965
2256
5421
3064
5015
8512
258
6274
8127
7617
240
4330
9236
7030
3287
2548
7286
2474
788
7015
8115
4700
9358
3493
11602
11640
3155
3775
10424
10879
4453
711
9863
6115
7471
3661
8537
489
1069
8956
5766
7186
7951
7180
2466
1632
7386
4707
11059
11897
11238
8892
9828
4608
3206
6675
449
10677
4724
11093
2180
610
1820
7291
10206
10929
3516
11116
11130
5406
3988
7214
1395
7379
7710
11812
2654
10299
1189
11922
11635
10977
4670
11754
9041
9666
8328
8410
6326
11141
9954
6708
2881
5370
1062
3071
7262
1162
11578
912
8525
11341
7919
772
11544
7539
9288
5731
1437
626
10383
206
8723
7068
7499
6211
860
4207
3115
11546
11089
2457
3595
11086
8213
9870
5491
9448
3041
2283
4238
4803
10648
8446
10610
1462
6436
2079
9379
7075
8187
9694
4961
10892
5861
6350
2619
4551
1855
9144
2915
4142
8743
2310
1625
2115
3245
10189
7216
11613
2213
3151
9237
383
8912
4713
1631
10185
3650
5617
8961
8932
6052
10579
955
2331
8833
9707
7519
3818
6854
3236
6516
9922
4612
11286
10111
4919
3968
1778
6371
3753
27
1402
9081
7663
6509
8731
6355
8848
8794
9113
9649
10672
7006
9865
9163
4590
3083
11623
11378
11885
8735
3343
5623
9718
5503
6505
11054
4693
5844
6483
9350
1243
9229
3834
11652
8647
3702
3449
942
3322
7172
11009
1051
4268
1884
4158
10881
1156
6138
2061
11179
4527
9222
3694
9342
9926
882
10261
11256
6518
7346
6545
6037
7851
5981
5800
3809
1900
10123
6940
10313
9388
6448
3359
11121
11619
9429
11591
8636
5629
3023
7353
2808
5495
8675
2145
11658
5948
7034
5655
10167
2192
499
1621
10031
9939
10775
9584
3993
128
59
4158
5137
5685
10322
8972
3520
4875
8337
10345
7910
9427
4681
2089
11165
1594
10884
5442
9917
8648
6233
11237
6744
50
427
8791
5883
9653
4358
9799
9837
6750
2751
1707
5809
9661
7187
1546
5966
9762
4294
153
1877
4480
1388
3998
3264
4752
6862
1482
2307
1796
8914
2638
9304
9790
5891
5569
7322
1133
2643
5766
8765
7474
3682
1595
9426
522
9809
8804
1591
7907
4025
6814
7132
8935
3173
3840
8343
9096
9639
6578
334
10521
10836
5208
386
6298
10839
7919
10489
9706
2628
4904
3603
867
4875
1999
3777
1181
1984
2634
3299
10160
4334
5708
6418
11848
11237
6291
967
11030
8051
7713
8310
4757
1254
9654
597
4469
6942
7262
10164
2086
3321
5116
5183
7934
4182
1030
8315
7207
8213
8221
11118
919
8146
4303
2361
4891
4368
1827
3135
8304
7538
3811
5825
9695
10081
10677
3475
5035
1141
6493
6999
3574
5646
4177
3947
690
1578
3488
10140
2774
10369
188
8558
5456
7551
7668
2195
5046
363
1617
9384
2089
1936
1993
5236
3231
2064
604
9340
3388
187
10985
5748
2258
3374
116
4552
1733
8456
6629
10981
3611
11362
5730
9966
4237
5851
10989
5501
8305
441
3401
10894
2055
8267
4840
4139
8413
1945
2031
2153
1402
10189
10609
4496
210
1030
6611
3479
6821
11915
925
5176
6952
5809
6751
2879
6251
6595
7073
6928
6370
8664
8386
10596
10442
8533
654
858
8897
6634
7457
1369
10261
3152
741
10891
7687
10817
11367
5636
6445
2060
9825
8651
4481
1704
1004
1382
5333
5629
8866
1929
6353
6357
5126
5277
9134
2511
4723
917
11386
8373
5920
8792
8280
6520
6274
1374
4329
4535
9509
7962
10402
2289
519
6902
10288
9081
6221
6464
11484
10134
2963
7491
5474
1521
4411
6681
9735
3545
7577
2527
3089
8907
635
6433
9730
3724
631
3411
11362
491
3965
10037
3371
6588
1696
1974
7811
7686
7258
5372
1203
673
2118
1865
4761
9254
5156
5622
10643
1338
10256
9065
8165
651
5629
5364
4665
5719
7776
718
10790
9428
8855
3682
11486
3826
8309
2443
7792
1643
2225
9966
2802
4231
4758
11294
1746
11169
11281
11082
5121
11746
2567
8550
3173
10855
9380
1573
9741
5531
3227
9500
11601
7435
7876
1568
3910
5045
9335
4396
1219
5124
3625
2076
4739
2260
5494
7748
10171
1811
3606
8323
4378
9569
4348
4131
3522
4777
1451
6820
2045
7798
10066
1674
10962
7867
11689
8822
1413
1753
6540
11411
11284
7015
6493
1856
10935
9721
8630
1651
10681
2075
10734
3986
3635
8349
1729
11561
8919
7850
2132
10492
11917
1315
5949
11103
6422
4264
10309
9629
7939
11220
233
9536
4323
10584
7529
7141
3105
1127
8681
5613
525
3625
2934
2203
11206
11157
6394
11680
11819
2844
11069
4462
2774
6573
1124
2827
11106
267
486
4842
5188
4767
2037
5275
7772
4151
3236
7802
2076
7584
9879
1160
10257
312
5035
7698
8567
388
9843
1897
8875
10044
6906
10936
5936
6306
11437
9291
11920
6541
4096
4582
10184
7064
2645
6561
3112
6753
3059
3100
114
840
686
4463
3433
10590
8307
7893
9436
2557
652
2668
3386
2409
9921
5320
6447
11033
10344
5576
2746
4686
5526
11850
3852
6416
2583
6743
1823
8813
9519
10043
4250
8319
3307
3073
7311
6935
5351
6016
1840
86
8737
6977
10748
3744
3663
10064
11903
7600
3926
3633
8643
10158
62
9125
6595
64
9972
7560
4328
11812
1350
2742
10600
3174
6201
3647
6552
4265
3984
9202
1196
2104
8615
4817
6898
9867
3586
11526
4274
6722
899
5507
5047
6189
9274
7978
861
6470
5289
9129
9944
10949
3636
10765
5693
1322
7593
10678
7914
7355
8126
7604
10382
10234
5665
10670
11771
8781
8689
11824
2728
9529
9625
7575
7966
703
3403
5668
725
8618
5131
2920
5833
4817
4949
4492
6794
5489
1986
8231
11959
9256
1686
4495
6810
11389
5390
9990
7743
3833
4149
11690
9457
1107
2125
7770
11186
2233
6749
4757
4457
8298
8974
3737
6949
8065
9484
11473
9226
257
5672
4668
11744
4713
7452
1373
4504
9565
9680
4678
5084
3892
2965
8329
6500
7041
1089
3815
10464
10841
2058
11708
10101
11409
8935
700
2989
7070
8198
7781
8699
10100
1242
8379
6526
6584
4973
10068
11170
632
4072
1567
2406
4510
6584
8273
3564
8960
1890
6453
6732
35
5906
2494
10045
4242
2536
7226
4341
2602
942
4369
2629
4435
5102
6516
6461
5258
7450
7848
274
10129
8011
3903
10109
8092
4548
7235
4858
7074
5594
7676
291
9687
3088
11202
600
4782
8464
6007
7033
7495
9603
4425
6466
9656
5982
6721
4298
3068
9619
3522
6112
2057
8115
5821
4836
11065
1123
8965
2904
1726
6971
11957
16
1950
4004
5642
6568
8993
1331
4993
8684
11310
10240
11727
1016
8186
2448
9855
10085
3718
10640
10548
5889
6670
2434
1829
6918
6047
8941
11108
11372
1928
9511
10481
11552
8179
9047
5947
824
117
5440
371
3450
8011
216
5999
2768
8514
7413
9733
4863
4693
3985
11138
8791
11269
11712
11288
4827
11010
9634
6057
4900
905
7430
6372
4512
2846
11987
2181
6883
8965
11543
2546
3976
2624
8340
5267
5214
10238
7650
7849
5368
4680
6320
7361
4057
9996
9651
9891
2618
5454
1471
8808
5917
2642
6685
6929
2678
8458
6360
6948
478
9206
4605
5119
6347
8912
1
11211
7175
8112
10303
7111
11731
1987
5397
3253
8056
8627
169
8147
10389
1569
1997
3817
6469
3422
986
6850
9203
11477
6855
2990
6134
7669
6564
4875
6030
2038
1306
5527
8130
11086
8401
8569
6173
7959
6938
1918
6362
8360
1664
855
1719
10410
5664
2856
1043
371
10806
10470
6804
1237
1698
1799
4740
5626
2095
752
4832
6236
10217
9277
6530
4348
9365
11146
2707
3398
521
5635
6826
4618
10276
3593
6125
11058
4475
9867
10392
3002
5393
8983
8966
11862
4040
9219
126
11092
11367
7832
8843
5479
6684
1246
1134
10372
6523
2367
3841
5979
468
6966
11650
831
2148
8191
509
6792
11616
816
356
11756
7785
8680
6140
11181
10348
6054
4637
6114
9812
2315
5387
1145
1788
7297
7322
8953
1622
95
8269
8669
5733
6857
4463
1236
10688
1214
7607
257
4094
2554
7691
11548
10815
2174
10941
8654
9784
3671
3706
1068
6879
1504
2973
686
5871
729
4429
4257
6339
1254
9576
5144
10786
11746
395
6669
2829
9446
5436
7631
374
6665
4890
4305
4131
2635
10349
10280
8596
6606
7426
7945
7803
2780
2241
9296
11680
9629
6063
10862
10791
5564
9936
6210
7502
9671
3149
1354
10295
4363
7747
3790
9014
6329
8006
8515
4199
9017
4907
522
9507
2172
9129
4654
2360
9589
5914
579
4496
11231
1431
6799
3051
6271
812
11215
2044
9368
1078
2702
11858
1621
3472
2483
4306
171
7480
1764
3323
10288
2921
11221
6097
1058
6959
10304
4633
415
7748
10218
11277
9267
7662
9597
3654
7876
6652
6474
10756
10386
2259
6100
10602
7533
7175
7493
907
11120
9964
10284
5650
4665
5658
1519
4191
8945
4442
7506
11773
8767
8475
4641
8791
6326
5135
11325
7113
10868
11593
2682
11044
183
564
4702
6183
4549
4499
2809
11479
265
11143
9492
6187
9841
7547
4770
10248
1100
2066
11661
1759
2158
10760
4689
2754
3209
7800
636
10430
11449
9155
3334
3265
2241
4738
229
6097
11736
8616
5793
7327
11708
7562
7537
8808
4215
11376
2464
10747
7990
3853
11254
6164
4083
5146
8286
1966
1284
4502
11808
8607
4273
6945
143
3615
7162
10472
4755
3930
4262
11677
3349
2033
8420
11448
11839
11271
3123
10495
5141
2570
11883
2929
7148
5910
3000
7003
106
7451
7841
11306
8790
5157
170
10353
7457
4012
2781
11476
9505
8632
3874
11260
11086
6093
11099
8537
10633
5223
6072
10009
4311
2394
2456
6107
6875
10034
8312
481
239
4589
8448
6822
241
1618
10877
9253
3677
6987
7266
1554
4642
4772
4376
3821
3494
8556
22
2893
5516
3218
6964
2985
11372
11076
11397
1452
9932
5453
1348
5453
7864
6253
2305
2530
1577
2062
771
3701
7678
3568
9230
3679
2067
11798
8115
5140
3105
9657
11903
4739
10983
8725
7331
9644
3527
5036
6014
863
8070
5716
9342
3471
7910
2952
4604
8099
11
8608
9598
8635
2220
2167
6827
6067
1208
2306
5457
1776
4664
8458
11747
9277
8976
1143
8567
11566
4702
2649
1839
1642
591
6777
2413
10709
4731
11960
3878
11720
6599
7935
2203
1574
4375
467
1868
9250
5813
3295
5269
1508
10299
5481
7707
2513
2423
7808
7153
8883
1466
1630
10235
11069
639
5748
9547
9917
10767
9457
6362
11420
3278
8791
9263
5317
6938
8311
8919
4152
7743
8432
8401
2792
7683
8348
937
6082
11785
11009
4890
8485
5946
3419
999
1978
8491
10664
9575
5367
2220
9663
11344
1396
915
10508
7013
5642
6846
1584
7407
1161
9767
1312
8162
3205
11209
4414
10451
5069
2593
1997
10132
3215
1746
4569
11967
3333
11854
5247
5157
8806
9713
2980
1525
9332
4345
10511
3980
4007
602
11103
4732
2205
3353
5721
5808
10899
10152
8407
4973
10838
7997
1999
6014
2069
867
3134
9623
1794
1156
663
3761
4400
7966
5122
8372
4726
4417
2830
10715
1247
6683
10504
6363
11826
9461
6898
5013
11044
3840
5065
5800
6855
2306
2226
5680
3396
7621
8052
4702
2302
11837
6289
1642
688
460
1255
471
2215
9036
3613
516
8273
6967
11128
951
3253
2336
7796
9357
7283
3824
2767
651
5508
5531
2891
2521
7096
9554
3537
2797
7646
1647
3468
6824
1527
11103
1135
2888
11899
5204
7637
5169
11775
11145
3905
8431
7479
4303
4342
10804
6178
3040
6178
4525
11938
10930
7214
7395
5820
7359
460
5961
1038
6933
6278
5079
4047
6904
1243
3520
4662
8069
7819
9668
2916
4143
245
11129
1331
3557
11703
5181
4659
7983
3879
3556
2857
11546
6438
4868
3171
11796
6741
5317
3691
1936
5289
911
11592
3634
9921
6453
502
4960
5731
5955
9035
4536
3924
7864
2549
6958
9543
10661
4477
1870
7008
9871
4376
5757
3838
8438
10897
7613
732
661
3388
1083
10326
1531
1679
6500
3511
4316
3849
10436
1106
1641
8344
5970
9967
11060
11856
11824
10288
5242
5648
6813
6894
11439
4828
5813
5736
10766
1099
4457
3606
11068
6061
8281
231
3843
4939
1810
5489
1636
1893
4324
8355
7746
3630
5578
6540
10845
6034
4721
10387
11226
2906
4983
7695
8936
2592
1382
3509
8909
5424
6800
10740
4496
6362
5206
7625
8421
7069
11640
603
5197
1910
4769
4077
5422
2949
11397
3832
2159
5999
11261
4573
2704
9150
6779
2036
7591
8917
10092
6605
8548
1266
10850
10107
10393
9240
2601
2668
490
9783
7504
8013
5390
11580
270
9568
11686
3332
4788
5945
2860
3874
4891
3123
8032
9894
1997
9641
47
5749
11076
6548
7220
4965
4475
3661
7305
6510
10565
7822
5907
10759
7022
1420
8573
10317
4726
8337
4153
1480
1851
9779
2831
1065
10686
4126
11312
4719
9996
10976
215
2550
1510
3959
4549
6
6114
7720
5475
4435
11850
11614
6143
10589
5587
211
425
7590
7478
10616
4763
7463
9849
6919
79
1332
8144
4737
877
3717
870
3882
8131
127
8162
2559
3474
221
10704
8357
455
6293
10149
5396
258
10729
7031
7591
8301
8249
10354
871
10511
1421
10618
522
3849
6865
4981
3444
8765
2942
11610
3210
1807
5455
5930
6186
2481
7982
10588
3785
1707
9956
9393
11106
9890
2447
9298
11718
10587
4849
7711
8314
11183
1263
6990
1205
4725
5361
5916
5326
9204
10864
1277
7464
4094
1499
7388
6804
2834
11408
7441
1746
4211
8461
8044
4031
3227
6772
5109
1847
5057
8972
5476
415
10078
1363
212
1928
7733
8092
8473
6320
89
5810
9168
4430
8527
4040
11329
11518
6804
8558
3185
7892
11069
5586
8383
6570
1993
9445
9627
11459
8227
1555
7192
7415
11748
10266
6359
3886
8451
6985
1768
4476
3468
4419
3983
3819
4193
1500
2306
582
6903
10634
5904
5178
11111
10425
4810
4993
11427
6865
7133
8402
9714
6210
3057
9834
720
7381
3757
9390
8115
6694
4305
2223
9016
1091
11996
902
3574
5765
1175
8411
2108
176
2768
8247
7502
10960
11132
1204
1262
7043
8685
4027
1584
9552
9973
8987
7230
10681
3397
5758
7718
11673
8768
11632
4519
6434
8219
3142
1413
10008
10642
3597
5097
267
7946
812
1344
10636
6856
7502
9707
9547
4791
9323
10717
4522
6583
4493
7956
3405
2355
200
5124
4252
1813
2673
9354
4713
2573
11839
8563
9518
11799
11915
4478
2728
5527
8052
2285
7936
6486
8346
10428
453
5076
6056
2153
709
3318
10789
9744
7758
212
9705
7165
9710
10862
10479
2970
10302
9055
6760
4842
1518
11675
2340
2020
7318
3434
3989
6123
2956
11813
9111
10526
10294
8953
4905
1455
1678
7436
4638
4341
5604
6466
5929
8755
8352
9898
5611
368
7130
5905
5779
2896
11994
9771
4053
4881
3934
6349
1880
11409
6976
3207
3854
7520
7009
3282
10597
4061
9290
3070
7644
10125
6171
2958
7077
10988
6580
8253
7313
10579
11134
6777
7512
7045
5515
3610
10459
8840
5811
3622
3605
3058
7037
5912
6076
9327
7892
11049
2047
7640
7030
6266
3765
8836
8749
5281
4797
6248
2965
10406
7781
10150
3704
2904
8956
11144
2062
9274
6194
8529
1717
8197
49
10949
5514
3338
10480
9242
2543
11027
11493
11447
6331
3031
3818
5304
4388
7207
2060
2312
5330
2771
7417
3618
134
4264
2122
11437
4849
953
9138
10662
7159
2526
10491
3535
2692
9355
5736
11915
10814
4445
2631
6680
11893
10372
5000
6182
4599
97
6051
1458
2816
3497
5099
2996
1074
11756
9677
10414
3147
9482
7428
2264
10575
7486
4994
445
6336
11585
2242
2341
11762
659
3754
5832
2016
8338
1390
1678
1049
7325
54
6568
957
7253
3436
10250
6973
4358
3576
11663
2111
7889
7468
5905
6540
10300
9785
8090
8272
1695
2885
1829
7595
5815
3888
3052
7915
7069
9469
10280
267
1691
2339
6236
11760
5027
5034
2781
11536
1303
6699
5730
7602
3932
942
5927
7960
3453
11648
6271
11953
8691
804
6991
6622
2521
7930
9494
4051
8833
628
6492
1338
5845
8048
10869
10773
6914
11753
5906
10166
7242
5493
6970
2011
3651
6825
9676
1272
2611
9307
9781
3042
3208
4149
3717
9205
4516
10783
7680
5453
9071
4679
7561
604
3699
6085
7798
5163
7915
2975
335
11416
8415
9600
9406
7084
1900
8395
3734
648
7537
7813
1013
6977
8807
3846
8161
8702
6331
10491
4847
40
440
368
7209
11361
10847
10996
3380
8786
4724
860
657
3442
7816
6504
5581
5746
11900
1244
9146
9186
2012
3933
9566
5553
266
4358
2714
7425
7966
381
5311
3950
3859
887
8363
2564
3985
1864
8105
8268
3525
6613
4815
7445
3364
3158
8418
10927
1776
8290
7653
7119
4750
10535
2846
493
8872
9444
6993
11580
6552
195
9813
11859
6545
10385
10886
8519
9326
8189
700
4073
6783
11741
6591
2127
5068
10626
4072
5382
2100
1792
2922
3004
3319
11974
7678
8021
2717
10923
7815
5224
3018
6229
5885
10308
11063
7479
2307
1588
2021
6778
3235
6578
3038
315
11083
7134
7199
7721
3786
4519
439
8354
776
3930
11056
6480
6905
8439
9986
4439
179
11208
11767
4470
9196
6029
3363
3768
11550
7884
573
1631
3231
11153
7695
2237
5188
1511
11454
3636
2747
2223
6890
947
4426
711
6987
3546
6998
6699
5256
8213
7248
11130
1333
10729
11915
9265
7829
9343
9670
9973
8260
10829
10760
227
10824
5495
3080
1147
5125
7587
1942
3678
2631
9910
699
4089
10743
311
660
11978
2784
817
7329
286
6058
5783
6060
8097
1318
1298
5574
8572
5548
8417
10556
8368
11945
3429
10693
7228
2269
1446
9011
1192
11460
8971
9270
11931
4481
8949
4432
8252
8802
5926
7853
9611
756
5509
9859
5767
10202
3245
761
3250
5512
1295
1118
10354
9825
8992
5200
5682
3874
11378
6107
1023
6336
8252
2891
3431
1799
3057
3297
11871
811
83
2356
10638
6380
2020
1102
1003
6416
11821
7047
123
4253
1103
814
4250
7271
11
1494
5630
9025
2479
4747
5201
10927
6284
10625
8305
11655
11040
6285
133
5873
3464
2456
3442
6692
3804
9498
7345
10496
10203
7297
10558
6316
11107
8991
1480
6922
11447
1666
8838
5079
4411
7670
8354
149
5019
8072
10994
5286
8496
9083
10857
1901
5635
840
11589
11932
6858
8029
3464
5623
8621
3156
4870
5109
4087
6075
7902
10042
2661
7492
6161
8824
42
9690
9529
7711
3841
2603
1861
6125
5608
7636
4959
1958
2314
9240
8087
5481
4827
11306
6491
10668
3865
5777
1020
2319
11221
4680
7884
6314
3671
11906
997
2654
9079
1556
3022
8656
8575
1589
7392
2718
5523
2752
8025
9546
11138
3414
334
1536
2139
8928
4340
235
1800
5554
317
6332
9976
7712
11373
2630
420
5484
11732
5732
6706
803
8196
8906
7503
7630
3392
8645
1749
7713
2885
898
6417
3126
10069
9771
6145
9831
11031
7699
6879
4855
10115
9650
6992
5477
7975
6890
3030
9926
5194
4164
1221
1609
6308
5805
10376
4788
11190
5433
2530
10872
5187
6274
901
11130
8320
3011
10251
5648
5015
3257
2649
5743
9514
5306
3970
11781
8027
2789
9068
6531
1097
4159
6674
11650
336
11660
6420
7817
4831
8480
10242
1268
9976
2253
10542
3144
9351
7895
4056
9065
2500
2963
7271
718
2057
6290
2555
7042
2671
11611
5810
11684
11495
4203
6501
7958
5797
8285
9353
6392
1281
3968
3776
9223
1259
11026
10253
4838
11616
6548
10493
11171
1771
777
24
2441
11432
7959
229
4392
10926
1025
11496
11334
7228
6226
4162
3774
8577
545
9396
8341
9624
8785
7923
5953
588
10686
669
3809
1704
9246
5961
1821
2518
11605
6821
4463
8169
1457
1193
10781
9768
875
11598
6471
7372
5768
4778
10402
9751
897
283
1875
7261
1437
9767
10171
10629
4527
5913
8562
9290
10085
11461
4986
4160
9341
8721
4960
7338
2136
6255
3085
11198
5975
6080
1613
3689
9149
11768
2069
1410
4936
9272
4817
3109
11974
10062
5694
9739
9330
2355
2495
9085
5650
6739
9110
7166
11914
9437
9463
1254
8971
5717
3213
10321
1901
11658
8279
8075
5635
2486
3776
5485
5934
10162
8835
7801
10901
5629
6045
9538
10663
6372
8874
5785
4681
3415
8467
5383
1327
9852
585
3169
2978
11262
208
8417
5782
7061
3477
7010
2607
2856
2156
7570
386
7297
10672
6885
5101
10734
2065
7484
5168
9113
2814
2016
4742
1125
11513
5358
2701
9527
6754
9976
8635
6839
7354
3016
2097
1299
11179
3009
3731
9008
3330
1745
8550
2584
10373
9024
4749
9482
8511
2450
9858
10261
6265
5290
7891
6657
4245
663
10321
11218
5942
3906
2294
10551
2286
4975
1465
8916
6803
11068
2121
7920
9760
2405
1995
1503
521
1193
5232
7198
5666
1292
2406
6789
5986
1951
3344
8084
556
9219
672
4380
399
5230
3607
7545
2087
10546
6440
4259
4696
10112
512
1047
106
11079
2139
10116
6464
2881
8067
816
3944
4430
8443
8731
6528
6122
1145
11906
11587
5620
8491
11687
10379
7954
1936
5890
9401
459
4301
10734
4610
5452
10426
6967
8081
10256
1795
11083
9545
3288
8820
269
3494
6418
11848
9934
2216
3657
8835
11183
6086
458
1802
6536
10872
2521
5777
11474
9535
1986
10849
1072
1185
10224
6338
7007
309
8212
9710
2669
5334
9525
20
4867
4808
11520
39
9826
127
7092
11117
4673
5765
2646
11965
1565
3336
1511
11175
5883
6566
10024
9196
4590
8431
5847
2848
1890
9174
2830
2115
4761
4860
1814
1081
6695
10323
4282
272
2178
10070
5589
528
6969
3649
8744
2713
8162
6426
8337
9142
11292
2444
7165
11561
1450
3204
1467
2846
11364
4684
8425
9260
7876
2836
11685
7218
8989
5029
7110
10926
2859
1571
1889
11103
1636
5439
7281
6201
10975
1724
948
8075
2349
3099
10771
4060
11923
3691
406
8680
4842
9320
1573
963
9174
8897
11178
1368
11532
74
8841
7803
8608
7849
4261
11047
5345
1860
10080
10045
5429
2473
2523
11178
1065
3548
3047
2502
8651
6889
5615
326
3040
11892
1927
3150
3467
9822
9041
5101
11033
7368
4318
1418
6786
4797
9448
2398
3013
4023
2585
3367
2230
5300
11178
8872
6695
11998
8118
3182
11907
1083
4122
554
2611
4400
49
1399
1238
6774
5929
546
4518
5192
964
1292
143
8964
623
3700
5940
9778
5180
1836
10885
4955
4658
10220
633
4953
4101
8669
7860
5331
2477
11097
11783
9883
8228
3481
1644
7521
603
11304
7717
2799
4359
7244
10580
10534
8330
11666
4941
9068
5518
3713
2207
37
8039
5341
2292
5317
6179
8606
1831
3941
5206
11819
4996
5276
6311
8906
4533
9674
11129
6369
4448
22
6809
3687
1907
5310
6438
1852
10490
4287
1842
8892
5831
1724
8429
2831
7991
7504
8677
11498
2561
3951
8261
10881
537
3270
10520
5466
1454
10912
3079
11041
7006
9881
2926
4916
9609
5688
3091
4320
11848
9632
1311
4946
6723
9505
4662
10179
4848
1540
2135
7507
9468
11613
7464
1913
9180
5161
1281
4773
5669
10217
729
4851
11550
184
8197
7408
9604
6643
2655
2307
11209
5464
9324
4165
695
1911
5
5184
11658
168
5382
6245
2912
11871
9961
8177
9820
4709
10047
8809
1166
100
9258
2474
4486
6137
8562
5107
6008
2709
6666
1894
828
3657
9842
11606
4913
2243
9849
6376
2787
8956
4612
5564
9454
10841
667
9740
110
6994
5120
3463
2667
9836
11946
5647
7858
5946
8985
7725
1894
7956
5783
8673
3166
7959
8717
8128
11410
3305
415
2430
3055
11402
3455
11354
2121
9293
7721
5638
2098
2269
8479
3077
10645
7690
6378
6089
7734
3425
1033
2027
9056
6973
10734
7418
6018
1343
8012
8442
3598
3133
10448
4589
5621
5036
4056
334
7663
3131
2930
7045
10865
2818
11604
1990
5331
10153
7635
3420
5591
5599
5445
132
769
4848
2268
4747
8658
8367
7325
2149
11783
7727
11920
6077
877
4531
3142
5842
820
10874
9219
9444
6160
10809
2294
1077
3729
2165
6504
2075
701
3314
9709
6797
11551
8151
4101
2795
10970
4524
8117
5785
3668
779
1728
4521
8325
11805
3105
2631
5581
8134
7083
3789
3036
1153
6501
1297
11625
4353
2666
11225
11522
2837
4636
1719
11926
8908
2868
11881
5588
8604
9034
9865
5876
406
390
3365
3472
1125
2070
10662
7443
9099
35
2679
9491
3353
1145
229
2601
11256
4904
11694
4080
463
11933
8822
2184
7588
3070
6175
9030
10042
4229
923
452
10878
5752
4292
3713
3218
10970
9897
679
7013
11053
9523
11100
6369
9946
3625
8046
4559
10298
9876
3359
8123
6779
552
1142
3080
1026
2365
11836
7282
8691
10559
4379
1352
9678
2640
1215
370
1622
2089
2595
1657
10031
2706
6653
10465
10241
3943
6166
5322
10424
10657
3686
9989
11398
9170
1912
9675
9819
9329
3708
1124
2565
11478
8092
7597
5756
9818
6811
4537
1801
3579
10793
5826
230
6763
10793
10068
10813
9895
5999
9208
554
5326
2117
6075
11634
1044
2652
5047
3247
4797
1639
3085
10477
8535
984
8731
11994
6728
880
6445
1313
5088
11432
6815
11723
10540
11651
3623
716
6990
2424
8720
3858
10501
10826
10847
8525
5943
4338
1229
6774
11025
9058
10754
3862
779
11923
10946
520
8181
7237
11703
5071
6505
2493
2895
1849
8366
3487
6449
9095
5077
6175
6424
2598
2041
492
6829
874
9331
11519
10600
11473
5458
1961
10143
10284
6493
8760
2243
10282
10313
2019
7899
5165
6690
8036
6795
10658
8222
10318
6595
11
4885
4850
7186
4331
7964
2681
9205
6831
3656
83
2861
10984
2403
2051
5049
9759
7238
4844
6157
10746
1008
5570
6714
3944
8256
11464
4183
7362
6906
4565
7692
10271
3570
10924
1395
3107
372
11238
1425
4459
6649
8014
9017
5456
5691
8871
1405
2086
2899
530
6493
8594
9310
9333
5021
4082
1370
11786
11147
3786
4201
8682
2814
2244
3254
4761
11204
3668
6358
6672
5815
7313
10609
1160
356
8500
349
6947
6637
5164
9725
11694
7054
1429
1844
1729
8997
1657
10542
10877
2673
2814
8045
7797
11328
7691
10571
627
7748
648
5935
7542
1176
11012
6705
5989
10433
9135
7270
11918
8019
8320
1370
5244
10370
6466
10237
9051
1220
6224
420
3738
127
9840
6699
9345
10754
10587
3211
7699
11385
8771
945
4845
11393
2815
262
5352
8047
8742
8873
11676
2028
633
8941
5629
11432
8238
9530
7345
6784
3888
580
7763
5735
11217
3913
9709
3616
944
7457
6078
2921
52
2982
7399
5042
10194
5057
5249
1222
1009
9781
6503
2701
2256
8039
354
6419
5292
3598
5302
6397
7381
5323
10996
66
3706
9095
11855
3302
7639
10736
9800
5841
11994
311
6236
1991
8409
4612
8584
189
2883
4480
4207
4990
2744
798
4491
4431
11886
5572
10139
8490
1135
8465
7394
2508
2925
6479
9967
10915
2234
9155
851
3542
6790
11780
1984
3009
11079
485
3933
7365
4516
7994
6259
11116
10374
4936
8191
6217
2696
9251
8491
4322
9353
5131
11089
2752
6799
11293
1087
7135
9803
10048
10173
3559
9518
11743
11255
6372
7764
3566
5300
10335
6217
5547
8928
11926
8472
9789
11193
9908
4507
11523
10295
10083
11089
8548
1650
3271
10010
8927
11746
7065
6756
1518
9682
8802
9346
1978
4031
3463
529
4367
10884
1830
10401
1237
7422
7248
10738
7361
338
7747
10916
1783
11676
4005
2319
9836
4345
4801
9443
5102
7610
10095
1662
8979
11273
3778
7726
2603
54
1386
7527
6318
836
2710
4538
9699
3018
5246
11566
2364
2083
9817
8030
2352
8836
10462
1013
807
5401
6821
637
7035
10106
754
11074
10701
839
3829
9596
9994
207
563
9568
2056
10026
3944
7101
2774
1206
777
11372
1260
6006
10775
3167
3892
2940
7078
7215
11749
2268
11033
1238
7609
68
565
2352
350
7276
11360
5578
5703
4906
11345
7694
722
11799
7588
8515
3180
821
4745
8919
4307
11326
7581
8554
11825
7999
2832
2111
8227
8878
3844
5439
8542
4367
2902
7489
4535
6500
11067
5178
4379
11484
1616
11758
10251
8740
10769
11109
1176
10182
4456
8637
598
4408
8225
4027
11753
1765
11163
10109
6871
3910
1846
1440
10553
5553
6842
11935
7348
8455
4171
985
8680
2579
3398
7989
10667
6436
4663
63
6234
6226
10976
6950
2109
11279
7466
10727
9873
11609
2077
7908
2172
2049
4295
3889
6530
10486
6027
2420
9905
3126
9646
7871
3198
9519
6456
1574
2376
2237
478
1357
5702
4649
1482
5600
8736
9136
1552
11804
4398
11412
1251
4576
4273
8249
8593
5337
1702
1979
4512
5780
8896
5553
8451
9186
11370
10710
10905
2232
9456
1016
10430
10722
10475
1036
8624
3972
344
8862
5959
8114
7973
1454
139
4622
7762
10994
4767
2681
798
1430
11626
10777
2119
7839
10759
1966
11402
1024
10813
781
1954
9933
7729
9588
7666
11008
8875
6416
3805
8533
4117
4917
1093
7293
1076
10071
11465
2561
8954
2620
10226
2460
3826
931
9033
6163
6190
9122
11184
4183
4812
8721
1175
197
9555
8032
265
5348
5886
8572
7044
9935
7141
1577
8521
9661
5387
1540
5243
2280
3874
6099
7233
3551
9550
2336
10289
6792
1039
10647
6208
4147
9694
4803
7980
3826
7040
6730
1819
4143
8848
10696
8081
2071
8563
8264
10707
9344
4489
6308
7777
10798
2316
7760
8075
7681
5076
2489
10286
11095
10506
9810
485
11499
5028
4605
6072
9409
6249
9905
10088
5922
1839
9983
7073
7675
2062
5650
2205
11072
9999
1395
11368
3337
5616
10394
7188
962
5375
4113
6703
3549
5930
6359
6466
838
754
1105
4297
4869
162
5275
7721
3790
188
7890
1361
724
2193
3606
5091
10405
2836
11631
1729
9960
1141
6385
3351
6275
1968
9981
11047
2758
9015
8718
11959
7157
11798
4256
9931
11223
3651
7003
1922
4565
1821
8462
7505
6949
8118
6909
1383
7617
5330
6736
4772
6831
10765
10163
4858
7910
11780
10741
198
7457
9066
1188
10043
9234
11672
11562
4974
11346
7461
5648
7116
2915
1626
7655
2337
3344
6339
7934
454
588
328
5391
4409
2474
10349
9651
1683
11200
8998
11739
2947
5532
3212
10144
7991
8022
9080
5649
9445
1731
7193
5111
6620
6496
8802
9662
10994
686
423
6355
1456
4688
9294
2310
7340
7040
8228
4717
651
9156
3922
2843
9542
10023
3643
5236
3188
28
7525
2840
3675
11248
11283
2588
1307
4087
7217
10234
5970
9036
7740
7848
6733
3661
5421
6319
2847
4564
6686
620
3605
109
4825
3271
4230
2143
11839
7586
10045
1707
3916
8732
9596
2914
3982
7514
1280
8729
2762
7008
1153
6259
11186
1783
2243
11517
9732
9429
9589
230
2435
4461
570
8343
6808
1410
801
9286
7798
8990
5918
4844
2167
765
7040
6646
7336
3518
8533
7857
1708
828
4869
5532
9918
1930
974
5415
10188
6906
5391
10630
2102
633
1927
11731
7652
5642
9130
6040
2267
2118
30
6944
5812
9804
9026
3026
2171
9368
2624
442
4062
72
11928
5855
1085
6157
5360
5551
3792
8351
4040
9028
4702
1268
1578
4375
2675
2170
4720
10197
7977
1707
9384
8615
1600
704
8056
2065
8065
10923
1340
1127
11920
3974
10662
5566
553
7123
8703
2043
5696
3772
3079
5620
11126
3688
3114
2241
6592
11842
9244
1766
1866
8767
1683
1959
6109
7890
9410
4961
10337
4081
4368
11358
4825
950
4972
6850
6643
5988
11588
4822
1304
4655
6596
10798
615
10853
983
3794
6362
5971
6092
987
10317
1778
9250
9956
7348
9932
7434
4863
10022
4727
11960
5530
2119
5919
3370
11252
2855
5101
5302
513
9379
4043
3020
1409
6243
6811
659
1638
1050
5166
2909
5337
5382
2888
5941
8850
5362
11116
838
2633
4855
1684
10601
4115
8304
4633
11021
6187
11602
3708
6252
8328
4149
11610
5911
10019
1399
7148
5807
9149
8683
1151
1140
1549
8017
3112
3068
9539
7837
6017
10984
1605
9247
8661
9682
5803
9393
8995
787
2454
6941
8646
9384
6947
8414
7730
1760
1171
5264
4434
8456
6118
4098
1589
4575
4616
2312
10535
4315
9958
4710
7081
7183
5348
5270
11204
9161
6641
8265
7386
7269
2748
10300
45
4599
8407
9644
8557
8771
2652
11296
677
6162
7378
3806
5912
6888
3809
8716
5507
11653
10468
5766
3188
2988
6432
4637
644
6233
10163
3024
1991
7852
9167
9212
8024
8171
2989
11095
2097
6666
11752
2706
6769
10179
2451
9843
8138
6182
7685
4278
6843
10265
8244
9255
5236
11481
2183
5678
11046
5003
4534
4352
1120
10744
9730
11043
396
1166
3107
1907
7281
1467
524
6940
8935
8626
6177
4627
2699
10534
8101
1865
9023
4457
6656
9484
10709
3576
1446
1327
3158
5147
2680
7866
2534
2023
3885
3724
1360
2861
6189
2212
4041
9296
8050
9162
10183
4655
4355
8811
5267
10534
7225
403
6394
8578
3664
7435
7257
1302
10354
2096
3361
5584
1431
5472
3769
3679
7021
3481
9205
3161
8568
3239
10384
7166
7698
731
2754
9618
10378
10143
4572
2831
11546
10102
8363
4943
7197
363
3262
6103
9078
2060
5619
11142
3654
11721
3460
2654
9982
9565
1009
6014
10368
6419
6466
6774
5388
6683
3572
3238
4871
3316
1235
4674
4887
8688
9601
741
5545
10402
1420
2128
3598
7837
8425
6229
7389
9164
5664
2891
1574
9984
336
3834
11391
5494
5666
11294
8849
8211
8690
4773
10325
8828
1583
11456
8419
8631
11241
3963
743
8174
11312
10523
8463
10565
6755
3497
9988
4708
3187
8371
6084
2232
3937
2916
10002
7616
8658
11169
11886
145
10740
3186
736
10836
2481
5257
11669
7381
9077
2313
8958
7391
4978
2726
8547
8889
11012
11512
3252
4974
11907
9157
3783
5019
7449
3855
5018
9459
8491
6905
5638
3436
7385
10314
6244
6010
3149
2387
2534
592
8763
5131
3877
6463
7491
8761
7819
10932
8980
5423
7566
6647
97
6441
10445
1002
10094
8963
592
320
10657
10865
4841
8630
767
9035
4764
7391
7994
7930
290
10358
8012
4306
7093
5102
10532
526
9098
3286
2770
8628
1036
1835
750
4583
3854
2518
10375
8688
2103
4225
8171
4058
5090
6356
11953
433
8626
3243
8428
9282
7610
8439
5797
10199
1491
11926
8965
6091
8818
6985
770
9443
7626
10425
10904
6155
9321
310
4784
7030
3039
5039
7638
3937
3099
8799
2391
5973
10212
2914
3695
8702
1566
10495
2548
6556
3636
7069
4410
10990
6792
4487
596
769
8295
7436
1964
9984
8187
11261
1490
1964
10888
6564
10335
3189
7965
2186
2350
661
2593
1684
694
10848
11652
5314
3353
4431
7159
3782
11816
6512
6966
1657
11037
10762
11134
9377
5031
198
5346
9123
1048
4850
4022
11652
8280
7530
7429
10265
2378
5218
3165
8627
4805
1322
8785
7044
155
3099
1143
5040
9038
4996
9190
8746
5010
4499
4501
7600
7220
10261
3746
2246
4091
2859
11582
4303
7308
4493
9137
4783
3747
1244
8282
5465
1713
217
1324
2423
4954
1978
3512
11148
9411
10121
3972
369
7505
4646
9160
658
6989
10025
5907
6313
10034
8385
4369
6779
5145
7229
901
10971
11902
5389
10902
4421
2227
10653
2079
9008
2003
3545
1415
6347
5322
2203
6245
10491
6533
11128
1418
5658
459
11767
6433
8065
6770
3467
4728
7700
8483
5292
9965
21
8911
2519
9213
1075
6115
6326
10323
4409
11011
7254
2614
8418
10783
10485
8126
2400
11081
7794
7257
619
6745
11236
11519
4037
11372
7205
7436
1158
5051
2437
9261
565
914
1885
6277
2222
4915
6047
8803
2516
9340
6456
5871
1287
11013
8433
6678
5696
4057
8088
7476
1826
271
3693
1469
6281
5791
2177
11586
4817
10696
9412
6673
9162
8573
289
665
8725
11772
7287
11755
730
1203
311
10335
2633
11001
4025
10674
4265
6238
7716
1826
185
2103
2954
4200
3107
7552
7860
7479
9021
11448
3750
5301
11772
521
8256
4092
1372
10252
6719
7910
2195
5866
8716
3927
2491
3090
1046
2355
7260
11224
310
4148
8578
6267
3435
3761
6801
11461
1045
2504
898
4603
561
2719
8239
9809
7197
2056
1732
2173
11762
2511
5030
846
6213
2729
858
9546
11381
10194
3087
7383
8104
4504
4222
5076
5193
7842
8367
6297
7257
2030
3466
6792
6329
5240
3772
1360
5582
1472
4006
10425
7124
2322
6553
108
2912
9369
302
8133
10309
4658
378
2800
7594
6322
6020
5455
5971
10285
7250
6512
3172
5292
9741
5056
11700
9175
3424
6412
2103
9312
5888
797
8342
3640
10518
3270
8410
10407
1560
4689
2793
968
11978
5232
2211
6527
10921
263
8240
4595
8070
2935
2035
4274
3837
6921
11279
9097
9573
7974
11845
2239
6419
10799
10330
7308
1343
7794
10704
725
2151
696
8777
8864
5919
5050
1988
2680
5270
2617
5241
455
8350
468
10077
9601
9076
9473
2420
9100
10404
9268
11455
7245
6840
5489
10918
725
5340
195
6116
10911
9977
11861
3475
9362
3406
9192
6225
3113
3168
11220
6027
7234
1248
10782
9936
7420
7093
7430
11021
1063
7388
9185
7306
5288
2450
293
1396
2860
10947
10230
8203
5647
11930
5684
4666
6518
11797
6112
1161
4068
3826
2681
3512
8501
5290
24
7073
3293
3938
4218
316
5912
9761
4729
10669
5928
1460
6834
8058
4259
11957
106
11683
1093
5497
10035
6988
10193
8578
5728
8641
5833
11919
10840
5506
11536
1093
7509
7188
9079
3187
2045
10669
9881
8007
8470
3878
4964
10849
5753
4744
6063
5748
8673
7345
5278
9367
8727
3227
9808
351
10373
5781
7876
945
5096
8763
3843
3105
3423
8641
8822
6042
6973
2364
11771
10339
8990
5500
5070
1222
6535
8382
2017
6516
10627
11974
9484
5033
8093
8617
11112
808
742
3640
6987
11578
11725
23
8657
2327
1521
9870
11638
2440
998
1403
1218
10176
6336
6502
3433
6659
2330
9533
11478
1503
6707
5264
6634
1402
10555
4123
3941
11716
8844
8885
10410
1021
10210
8054
11465
8049
6826
7807
11602
1158
1116
8295
11946
4627
2465
5420
6388
11579
11784
1935
7434
6228
8896
1740
675
6397
3206
2745
4977
6896
1948
462
3982
7367
562
2696
9506
8578
2330
11297
10634
2916
1403
5848
10039
3969
6696
10524
11059
8587
3854
3040
3509
2720
4619
5671
6973
1563
9375
10802
7515
3202
9535
5259
7268
4952
1644
903
4293
6970
10691
9515
8388
487
2090
5966
1194
8128
8158
8990
1989
11335
5640
5564
11979
744
7942
4994
7689
3675
11209
4230
6223
2504
1245
8781
11701
2708
4497
7788
9118
11759
2933
3387
7133
5797
5633
3441
8986
10162
11242
11065
10781
10378
9206
4027
4782
6035
5771
4227
6175
9339
7242
3873
900
8664
7828
810
5714
1523
663
8662
11568
6688
2147
4002
7648
8035
3788
4743
8132
2739
2044
1237
10735
4023
1404
295
9530
3526
3055
389
356
2601
973
9777
3243
11525
5094
81
2882
2591
1511
82
11032
7439
10185
10039
8100
6757
3688
11816
4749
11614
1821
402
6483
8193
8698
123
4521
3582
10980
9917
7115
1553
4437
10481
10606
9882
4857
9942
1054
6774
558
11889
11219
1364
9367
176
5938
11990
8917
8870
11618
119
3437
11030
6627
9276
990
701
8749
7225
2169
2586
5687
11935
8783
7313
6762
1467
4892
1030
4493
4953
10795
256
3665
10216
3173
511
2775
11339
3579
172
2443
4635
6812
1338
11375
3984
2443
5195
6919
10371
885
6426
4037
7743
5843
5682
1664
11930
1878
4931
1012
7383
9014
7726
2244
11880
11947
10985
278
92
11380
2844
1118
9074
9371
452
3176
6206
1306
4286
9457
11055
8228
11638
252
10835
712
9367
2208
6819
7349
6855
2107
4052
3125
2258
8685
9100
11593
6791
11052
2328
1696
6651
5982
2363
11496
4581
363
8866
6736
8723
7519
7665
2332
9514
6928
5533
3317
5818
9995
10559
6644
9298
2101
34
6489
7271
5078
5213
7276
2799
528
11016
2650
8795
1088
2921
971
6178
5779
8777
624
853
3007
169
1569
10356
6554
234
10995
2439
10092
433
4858
2717
274
5843
3236
6682
9389
6878
2123
971
11850
3128
1186
3710
6456
2142
435
2114
6426
10495
421
9177
5581
6350
10742
4392
5900
8009
6066
5891
10792
7564
3786
11189
2004
6793
591
8956
1972
5808
4916
780
5760
5739
2143
11854
11344
6872
9830
4846
92
9179
4959
5882
8665
9033
6290
9693
9402
6213
4406
4377
2380
4894
5876
9087
10900
7350
198
6143
11077
11499
4800
627
3487
9135
6328
3501
6503
894
11848
8578
993
441
3275
11391
4465
2315
8486
3094
7554
7091
11024
940
2890
2164
9179
8745
11943
6488
8446
7922
9367
2957
8974
2259
4634
2919
3593
5535
7442
5404
4384
6436
407
5205
10439
9904
1977
4799
632
10111
4288
11379
2631
1754
10869
11898
5295
7122
5619
45
1791
6649
5426
3439
11395
6190
4061
3114
4908
7242
8687
10495
11981
10636
2313
1563
10375
11939
0
3823
7264
5857
11365
913
9222
7415
9140
6377
4326
7477
9059
10078
3081
5392
6271
2170
476
10112
11776
10270
5431
1104
1046
5635
4285
3646
2027
3627
9685
11877
11149
10687
7347
10961
9760
6236
6644
7239
7561
9627
2820
8034
171
9220
4880
980
6865
11084
5786
10322
3818
6571
10592
2592
3869
1149
9488
359
3836
11388
10477
8506
4864
10888
6478
10489
10051
9197
4171
551
4790
392
2725
5648
8783
4032
3792
6044
6629
4550
3746
6132
8148
3937
5155
957
4310
4700
2781
5261
5640
11568
10185
4562
9423
1350
4080
7856
7801
4563
3081
8978
1041
10122
9339
2474
6774
1363
1787
2060
4952
6102
6334
7293
1532
11132
9304
9028
7588
766
1801
8595
10583
5479
4393
9270
954
6651
11606
9750
1950
4623
6228
7744
1853
7946
8252
3637
5214
1702
10524
3393
11704
10171
8778
8407
1428
3869
5707
7998
6249
5125
9084
9533
5695
3876
4665
7893
11447
2257
1736
2047
4199
10790
6617
3962
846
4658
5304
5898
10500
7534
10673
4336
747
2816
259
2351
4876
5915
1599
3220
430
2332
5508
6342
3524
816
11361
6269
11765
8752
4578
727
3396
211
2978
9926
1488
3697
9528
1323
7492
10697
10244
1158
10448
9453
1610
8691
2381
5197
9850
11005
9116
6202
6749
1554
2776
10506
1468
6359
1655
9067
2864
9796
4926
11368
6340
7407
5849
3124
7102
7951
5650
6737
9906
5146
7189
1584
10014
9103
6802
4906
9040
405
407
3289
2726
10131
11951
11168
3422
8784
6762
709
10152
6203
1092
4690
1606
10941
6370
604
10299
7458
4173
263
7316
10645
3878
10532
6703
5786
1237
5605
2537
6015
4774
7367
8050
10633
3978
11886
6931
6374
6639
2997
8024
11755
4509
2150
8125
2127
4623
1389
1433
5832
8131
1301
4439
2102
1466
4168
3660
10886
9911
2333
8569
3761
3329
8908
7477
7391
5855
2469
7798
4706
9758
7288
6286
38
486
1877
11271
10917
9070
5295
11811
1037
11607
651
5876
113
5452
6642
9313
2909
4062
8710
5296
5693
11076
11567
353
11669
11282
2299
7752
9653
11524
2208
10166
10335
10411
3760
5011
7910
11827
8686
11681
1680
7829
8246
8186
2460
9399
5113
9240
6143
2830
44
10887
1782
7182
11661
65
1834
4299
4193
5263
5919
3287
1883
2516
543
2145
2052
1483
3644
4425
9449
7182
681
2309
10499
4209
157
5443
3483
9865
5073
9139
3434
10594
709
234
4647
491
6525
9926
5255
1374
10588
8348
5170
1007
3088
7400
4976
7572
6891
8573
2982
8293
11939
4981
2666
2393
8495
9807
7123
1157
5799
8589
10878
6825
1659
502
6603
5448
10821
3796
4729
8519
9667
978
5887
10331
7851
2132
9329
4479
9948
1916
5166
11780
2003
1336
200
1119
5080
7313
10603
6331
4458
7338
3377
220
5113
7199
6712
1141
9407
4789
4863
2353
5624
8427
6043
1400
4077
5926
2094
2299
930
2803
6353
11151
4739
10558
5102
2019
2879
6890
430
2546
6635
992
2042
9722
2644
10747
6740
3613
2743
2678
2756
8572
7936
11934
8069
1545
1298
4381
1036
1594
3065
2043
342
9597
10993
2662
11283
2309
6265
4090
8768
605
1788
6491
2198
11655
5708
10034
3513
1194
8234
8757
9215
738
2630
6740
10050
7714
5251
6498
2315
5968
8984
5668
4361
11949
5269
10632
913
2106
6054
6597
2176
7652
663
995
6488
1796
5436
8678
10407
7952
2395
1481
10615
5106
8825
5102
3951
10674
8793
9067
3086
1640
2018
8697
10048
7622
5385
5553
3784
2756
1555
2742
1337
4874
3708
7772
984
451
7429
2288
9816
139
10019
7102
5751
4444
6278
6300
853
10208
9823
55
3110
18
4485
7897
9429
4567
9152
2754
3657
8156
1606
5010
11785
200
8500
5082
6284
525
9548
4728
4643
11640
4347
3307
9691
860
9923
5652
11179
9313
8196
989
9354
11277
8990
5541
11902
6219
4035
2941
3624
5080
4625
554
5640
11997
8154
6066
11627
2603
6713
5374
777
4426
2236
5856
639
9626
3416
6526
3926
11403
5644
4347
7601
8927
8712
4176
4214
3447
3822
8333
10460
6504
5643
708
2336
7775
4747
9634
7991
5017
10688
1380
4569
6003
6326
2213
1781
8000
7680
11349
898
8506
8691
9939
9052
5393
6701
4379
9444
5501
4296
5800
9982
1928
6358
9498
8352
1879
1732
2348
202
8925
879
8938
11319
9854
10205
8188
10150
7055
8444
3623
5931
8463
10576
4302
3935
10586
4168
5522
4982
1966
1896
1002
5398
6699
4167
7152
7941
195
11358
11312
10038
2385
10128
5542
8754
10899
6583
7573
473
6496
6789
4932
9131
5127
163
3079
2105
5476
3780
9533
11512
11705
3393
7522
10670
6340
8220
8614
4866
7845
5090
4056
10337
7427
9500
7244
7508
7935
10456
2777
4033
492
688
2956
6096
11563
9869
410
4656
2671
3953
3657
4987
2814
2550
3003
10864
11870
10451
5054
7121
3887
11022
7425
6098
10127
84
4922
2601
9092
1276
8463
10519
10496
5554
2484
8152
249
10572
5316
2521
1988
8144
6218
11616
7566
7797
8288
9508
10130
7634
4380
2670
3016
10298
1466
10592
1685
11778
11538
9924
4276
115
186
4887
1068
5776
7422
7583
2270
1536
9089
2083
9025
1143
7384
1841
365
894
1554
6949
1108
2413
2752
10175
260
4530
8312
461
10495
9088
4401
9714
624
5838
10030
7212
2702
5269
5810
5859
5523
7326
3676
5774
8741
370
8921
3316
6693
6603
3449
5703
2261
7356
7091
723
2683
2216
4070
5831
5221
3919
2430
1040
949
6268
9241
7542
9649
9012
5828
8870
11914
5727
3068
7685
2025
2161
6962
891
11057
9350
9229
6816
7840
3990
590
2562
4081
8157
1709
11410
4873
3367
2412
11278
9193
4356
9869
11757
744
7593
2811
1153
1554
2660
7682
4172
9274
3069
1767
7592
11943
4900
7896
9216
11215
850
7230
4826
10684
3875
4945
4600
11876
8512
2267
595
2872
11347
1401
6425
11223
752
9263
7124
7963
2104
7755
7456
4965
152
10482
6596
7762
7020
4331
71
6199
10517
3288
8272
9851
3033
1130
2596
8151
4212
3310
9429
4527
6947
10400
10653
3555
11923
3862
11308
4269
3008
1725
2234
11227
6267
10903
4221
9799
9151
8436
8144
3373
5664
11848
7002
1775
1850
5135
10498
2185
11896
3509
8968
177
10495
7138
10946
5264
9778
3477
1572
8404
11217
5619
1285
2422
8362
8239
1898
10164
9070
3266
4145
1407
10098
8318
9201
10179
4520
10241
6413
7104
1356
5751
6634
4760
11128
7238
7061
9749
769
6180
3351
11303
6380
5441
8069
4712
773
8868
7156
740
565
168
8092
9388
802
8935
865
12
3632
2021
1558
9751
9542
5102
10558
10591
8949
8308
863
115
4673
9255
8882
4108
7878
8558
6340
6639
9509
9108
11600
7133
4097
920
7663
142
4980
6281
8530
2156
11586
11232
7372
2759
10352
3066
9064
10804
11196
1574
182
11991
9132
6208
5433
8362
11735
2087
745
4694
11556
10970
7894
5621
4473
10861
11550
10560
8100
3794
9003
1118
11009
1698
5616
7624
3427
853
1150
1808
7410
10526
1664
7359
11199
10787
6534
1213
2538
10280
435
3897
1160
4924
9740
11102
11509
7034
9819
4919
8934
5280
10094
5733
4179
1197
5479
4778
9944
7634
5967
728
7601
545
632
3375
1877
11983
2208
11609
4356
10913
5667
9364
11124
3659
2858
45
3702
5321
9263
5211
5604
7422
2345
2862
5436
7349
7687
10669
11406
3808
3300
5863
11419
7546
3937
195
1667
4050
8198
3498
2658
10673
9410
8888
5103
6848
6967
4438
6897
10578
11757
8463
8623
7295
9760
10092
605
4503
7606
1827
11440
3260
9047
8129
4319
5612
9817
7798
3106
7513
10202
2031
1229
3541
1952
6510
894
4905
8766
4738
7952
5774
7614
3062
8941
878
11540
11435
5412
7622
1345
9948
4587
10624
9703
5511
4733
5631
2750
3812
315
9180
7104
6754
10088
4185
2503
11093
4728
9750
5913
5820
3412
4125
7940
82
8984
8561
10805
4026
6901
1170
6868
3956
8095
5547
7836
8511
6233
933
11309
2337
9537
1154
9197
3816
411
338
9804
3898
8568
4570
6008
7926
3170
8236
7990
7604
8698
7663
10333
11824
3854
1002
4093
3091
712
1946
10571
598
6701
11927
1020
5767
8683
10846
3422
5162
6441
4194
3727
5156
2397
4579
4572
4615
1140
8229
1526
8044
6595
11938
3284
6309
2208
11244
10000
971
8478
2274
9069
9657
4500
1739
10217
7620
11875
1983
5595
6732
2413
10788
9888
11644
1512
784
2026
7709
8923
6890
10166
10475
3793
10092
2937
10184
1474
8188
738
673
1523
2780
9007
2438
9637
10845
894
10357
2988
6625
7637
9667
10466
7386
11244
9259
4819
2741
11673
3248
8475
11797
7746
9952
11058
3291
3413
73
8152
11171
4727
4807
9852
1770
4061
10005
9933
6710
566
10207
4192
8172
11804
8498
7567
9872
6706
590
4124
322
10679
6434
3776
6463
3672
9837
10851
9672
3410
4219
4152
469
6768
8587
2144
10869
382
4186
193
427
7121
8995
3497
7380
7919
6354
3425
6131
739
11495
8427
473
2053
11583
3497
8466
9276
11120
6367
11860
8936
11184
2211
6175
11145
7909
7544
9286
8081
5023
2372
10349
4673
4959
5295
7367
1604
9157
1408
10441
7972
4675
11216
6976
7628
5073
6667
10595
7173
4749
1581
3474
3031
1551
8311
8096
11729
10421
454
9070
11706
11218
4741
4730
6425
10583
11904
1631
9504
10822
10467
855
798
247
8755
3215
4038
5294
3344
8977
7614
2946
8289
2640
2506
6617
11096
6629
1089
1602
4328
3375
3725
5585
59
3357
4517
1415
8110
1057
9526
5457
45
3590
3986
7318
9384
9932
5704
9596
2279
10220
11844
1540
8151
8508
9670
2099
10293
659
6594
9831
6462
1724
9006
11498
2739
2192
6885
11893
8707
3933
2064
2561
2005
416
280
6560
9806
1992
6810
4241
1588
5549
2454
5286
1734
8754
3059
8828
126
4434
9516
6467
7791
8264
4295
8343
9015
9006
5118
6169
1047
4957
2230
9223
11537
7035
7010
7785
10386
8144
10286
1349
10417
7939
8740
8190
559
2101
3170
4453
3736
7462
11142
919
3679
3036
8701
5962
8114
10016
5307
3934
10576
7251
11085
3324
11087
10479
11694
2517
9436
9782
11788
6848
1612
8257
7058
833
10135
11825
9187
6134
2600
9391
5874
6720
3713
10229
9171
2107
8416
11519
1909
5243
1383
1373
1872
5731
9267
5486
6643
3569
515
10709
10678
3424
11384
6394
4178
4698
4012
6270
10716
247
944
9898
5335
10603
6497
1448
8976
2886
6632
536
2597
2335
7737
7331
5243
11502
10776
9894
2571
3614
8720
1895
2
8471
1982
9405
3638
1489
8817
2356
2512
7081
9170
1577
5478
4578
1443
5971
7187
10214
7963
4440
8117
6462
4633
11588
5489
8082
1319
11023
9195
8762
9976
1242
7478
3039
3354
8644
11106
9461
301
4096
2213
4537
6266
1823
4687
8999
9565
8014
5158
263
1275
9600
7141
5711
9338
3081
7774
8503
7522
11065
6845
3133
9334
346
7466
7781
5823
7901
6726
6739
6378
4102
11067
10827
1225
3721
887
2644
7270
2990
4006
909
9262
3011
10129
9829
5928
227
363
3582
3851
3470
5064
433
2259
10254
3959
5908
11748
6539
4482
1648
9173
101
1663
2174
1468
1932
3646
11788
9157
8775
5090
4181
9616
4939
2176
2047
4833
8941
3854
1123
2535
331
8220
2523
10927
2231
8554
1133
6196
9632
6549
10031
6060
2446
4663
1512
8256
9578
1279
10276
9802
7962
1494
1713
3195
8549
6875
1903
9384
7639
3406
8113
2473
2773
8107
8999
3515
7520
9440
6622
2609
5097
8648
11578
1709
8624
6533
2181
3111
6132
2961
2599
556
1133
8505
11192
1192
6547
9166
11068
9350
7260
3973
3923
1165
10337
3552
5765
8496
4102
3375
944
7470
3839
8405
5146
3125
4772
6271
2633
9236
8303
11824
1965
1337
3111
1097
9806
3300
8816
1198
10169
1485
6269
4530
508
9618
9370
11021
4605
3931
10461
6665
7018
11975
10877
4703
7087
5696
6189
3139
8125
11926
11921
1066
11377
11423
6228
10405
2695
2882
3051
7178
6614
1069
8673
11308
9603
10273
411
6221
1759
1762
2342
9149
6067
10698
11492
40
4573
6231
4845
11393
11422
1995
8828
1058
7705
11243
6586
7213
10397
7141
2399
3232
1416
8452
9032
6021
927
1919
4573
712
11495
3105
517
3174
10560
11260
8355
5881
7914
7006
3892
6014
495
10186
6760
9447
762
3172
9313
4431
11302
281
91
8256
7017
2596
4471
1100
7378
11610
937
1505
6688
4543
5540
3580
8167
10994
1668
3018
9889
10806
7179
3437
5218
594
4236
262
11376
7326
835
6572
7098
5685
11083
9775
8112
9619
9690
1918
5233
1585
10935
9674
6389
7421
7519
10678
4707
620
8298
923
8065
6968
11763
1284
3073
7082
4447
8022
4465
349
8127
10241
7221
7074
8690
796
9474
6339
2980
8027
1351
7186
5734
9957
10401
6133
10866
232
10096
6905
11919
4102
6128
8423
3418
5093
7843
8699
8137
10836
5111
1213
4982
7606
4304
4679
8225
7665
2778
6812
7229
5384
3366
1774
8630
11362
8855
3423
2067
439
3295
6336
142
5455
6198
7742
3151
10048
5315
100
9495
8514
1638
4004
1271
4885
626
2410
9633
922
8424
7883
5937
9582
4891
4650
8426
6777
6783
4672
4443
3907
8264
9787
4655
6625
4160
8176
8709
9711
11978
4960
7041
7670
7678
9722
3201
7824
1562
10021
3131
1155
363
9719
6228
4082
9715
11969
7827
7569
3690
3192
3907
2640
4906
6186
361
5360
11988
9699
11094
7748
4722
8395
5507
9827
7254
1066
582
10178
33
281
1841
7860
1920
3363
8860
1444
11005
2664
2821
9193
132
4523
9729
2013
11020
5182
11512
9865
11066
10053
2074
8668
9537
380
8733
2524
10848
4237
5087
9192
11952
1138
5429
3289
4621
9268
5239
11554
9501
7355
1066
7798
7288
5720
10299
1760
11248
10817
4849
8157
4512
8789
8695
11545
1213
10166
3547
1420
6480
9720
7512
80
6676
10893
2743
7312
10010
10843
1428
858
10717
276
7282
7830
11535
1650
3886
3946
9025
10189
1733
422
508
2313
10791
6753
10041
11696
6653
11401
9777
4085
10038
9504
8456
360
1446
3272
2482
10999
9160
10591
1141
10189
11631
8640
2022
6284
8400
11954
9527
1125
1290
10370
10617
5924
5498
11695
3506
28
6518
2683
9051
4778
1497
61
8883
2043
656
10836
9103
7687
3852
2005
11436
6299
5107
6087
1242
4989
2155
8461
5624
10844
2539
3592
3112
6861
2764
1533
10995
10748
4262
9920
9374
1911
7626
5757
2340
10296
2581
5853
6433
8443
5611
4607
2634
3179
9925
9146
2611
5822
11632
8422
2823
9628
5536
911
3297
4345
11861
10922
11488
10392
9539
6309
7648
11059
337
6489
448
4495
3157
11212
10353
11934
7253
3381
7340
681
4901
11512
7038
9824
10236
7048
11224
7489
3506
2742
4835
4621
6899
10735
4263
5861
3427
8694
6683
9050
1972
9527
1520
11205
9683
10694
887
4495
1308
9022
9928
10858
9846
2205
2502
8309
63
2787
4464
9840
1980
446
4069
7003
3334
3797
10591
838
315
5674
8269
4761
568
1994
11007
1350
1458
9827
6028
7678
10037
11167
9744
3883
4949
3178
6624
7162
658
11306
1669
155
4937
2685
1347
4914
5481
3615
6440
3212
4787
8705
9252
4907
120
2345
4947
6378
1420
3746
8560
8788
10439
6627
3299
961
9164
